./input/helmet/xml_images/nohat_42.jpg 29,158,39,169,0
./input/helmet/xml_images/351.jpg 678,902,735,988,0 675,699,740,776,0 676,500,744,582,0 659,337,782,485,0
./input/helmet/xml_images/392.jpg 125,456,261,569,0 462,397,593,504,0 761,398,900,508,0
./input/helmet/xml_images/490.jpg 14,118,99,195,0 354,121,391,146,0 453,103,487,128,0 544,110,583,139,0 662,106,702,137,0 793,71,841,107,0 937,89,997,131,0
./input/helmet/xml_images/helmet1_16.jpg 56,141,108,180,0 143,118,198,157,0 240,109,295,153,0 327,142,382,181,0 405,149,457,191,0
./input/helmet/xml_images/helmet1_53.jpg 497,300,597,392,0 592,316,667,371,0 732,265,826,344,0 755,304,903,401,0
./input/helmet/xml_images/396.jpg 47,263,235,399,0 248,316,403,427,0 391,334,525,428,0 554,300,660,388,0 878,215,1024,379,0
./input/helmet/xml_images/nohat_40.jpg 183,184,203,197,0
./input/helmet/xml_images/helmet1_28.jpg 100,40,285,155,0 294,119,375,170,0 1,135,56,168,0 81,143,120,162,0 48,158,78,187,0
./input/helmet/xml_images/helmet1_39.jpg 54,73,127,137,0 203,43,292,113,0
./input/helmet/xml_images/313.jpg 122,431,242,512,0 362,498,465,565,0 528,499,620,566,0 737,485,811,550,0 809,433,915,512,0
./input/helmet/xml_images/320.jpg 204,823,274,926,0 182,790,245,870,0 236,527,320,631,0 239,473,301,542,0 170,216,286,396,0
./input/helmet/xml_images/429.jpg 136,264,251,336,0 304,234,406,301,0 380,285,454,341,0 793,222,908,295,0
./input/helmet/xml_images/516.jpg 67,158,117,201,0 344,176,381,202,0 404,163,444,194,0 509,156,551,187,0 580,153,628,187,0 709,161,754,198,0 922,164,984,202,0
./input/helmet/xml_images/1.jpg 78,283,171,359,0 176,240,334,393,0 319,250,415,328,0 537,277,623,363,0 772,263,869,343,0
./input/helmet/xml_images/258.jpg 694,945,797,1061,0 648,868,693,933,0 662,759,709,827,0 657,812,704,846,0 625,614,670,674,0 665,605,694,659,0 640,176,690,254,0 627,247,680,324,0 631,350,684,426,0 618,431,664,499,0
./input/helmet/xml_images/378.jpg 232,64,362,254,0 284,394,339,468,0 194,562,245,641,0 200,619,260,692,0 174,673,244,789,0 220,760,302,903,0 123,953,259,1132,0
./input/helmet/xml_images/helmet1_47.jpg 446,48,531,106,0
./input/helmet/xml_images/nohat_1.jpg
./input/helmet/xml_images/helmet1_3.jpg 186,120,521,346,0
./input/helmet/xml_images/426.jpg 385,353,432,393,0 516,328,586,387,0 581,353,620,391,0 698,348,746,390,0
./input/helmet/xml_images/270.jpg 705,295,764,393,0 733,511,800,596,0 674,657,733,732,0 679,809,777,937,0
./input/helmet/xml_images/527.jpg 28,38,113,94,0 215,85,260,114,0 301,64,346,103,0 392,63,446,109,0 466,48,524,95,0 600,65,675,111,0 785,66,877,121,0
./input/helmet/xml_images/171.jpg 1,221,58,312,0 308,320,371,370,0 449,277,519,326,0 627,216,712,271,0
./input/helmet/xml_images/403.jpg 153,299,267,406,0 462,367,530,420,0 542,368,631,434,0 674,390,764,459,0 795,367,902,444,0
./input/helmet/xml_images/109.jpg 843,1625,946,1790,0 838,1578,887,1642,0 832,1399,884,1482,0 833,1207,893,1288,0 787,1051,846,1134,0 810,735,867,824,0 816,558,889,661,0 812,359,880,463,0 843,101,924,237,0
./input/helmet/xml_images/161.jpg 100,396,177,454,0 254,438,325,493,0 457,405,526,459,0 637,415,714,470,0
./input/helmet/xml_images/536.jpg 818,171,967,268,0 668,191,721,228,0 551,174,605,215,0 417,198,478,239,0 297,205,362,250,0 125,167,198,221,0
./input/helmet/xml_images/397.jpg 250,481,327,545,0 413,487,475,539,0 534,467,599,526,0 633,477,751,556,0
./input/helmet/xml_images/222.jpg 173,372,269,423,0 369,400,451,460,0 455,439,530,490,0 549,422,612,469,0 649,431,706,477,0 740,345,845,423,0
./input/helmet/xml_images/helmet1_72.jpg 29,96,140,170,0 294,139,418,219,0 388,108,485,174,0 535,114,629,182,0 715,121,823,197,0 889,149,977,212,0 1110,170,1201,249,0 1262,152,1333,209,0 1353,180,1424,232,0 1500,171,1569,217,0
./input/helmet/xml_images/102.jpg 1,221,132,317,0 335,252,460,342,0 506,293,613,383,0 702,321,801,397,0 938,294,1024,451,0
./input/helmet/xml_images/436.jpg 663,447,718,544,0 663,689,711,765,0 624,853,678,935,0 606,960,705,1078,0 609,1233,655,1286,0 683,1247,760,1393,0
./input/helmet/xml_images/nohat_77.jpg
./input/helmet/xml_images/nohat_81.jpg
./input/helmet/xml_images/492.jpg 286,799,358,909,0 281,151,347,261,0 293,243,344,321,0 335,320,380,393,0 313,364,356,428,0
./input/helmet/xml_images/549.jpg 7,448,170,602,0 374,482,481,561,0 501,432,637,522,0 699,497,849,589,0
./input/helmet/xml_images/nohat_63.jpg
./input/helmet/xml_images/354.jpg 104,708,203,778,0 314,700,391,756,0 434,692,512,743,0 581,708,647,753,0 679,714,736,752,0 732,695,787,732,0 790,706,839,749,0 898,715,986,763,0 979,718,1024,762,0
./input/helmet/xml_images/243.jpg 703,1,757,63,0 659,174,723,262,0 665,351,713,434,0 660,451,708,524,0 656,608,702,667,0 649,704,688,747,0 641,740,715,832,0
./input/helmet/xml_images/193.jpg 866,113,924,158,0 719,127,773,165,0 592,126,641,162,0 543,84,588,127,0 481,87,531,124,0 374,95,423,132,0 251,101,300,137,0 95,91,156,133,0
./input/helmet/xml_images/266.jpg 591,962,647,1063,0 648,737,687,797,0 650,665,696,729,0 634,506,689,588,0 650,347,710,437,0 717,132,796,260,0
./input/helmet/xml_images/312.jpg 698,183,856,421,0 704,379,801,529,0 736,547,800,650,0 745,625,801,711,0 705,698,763,769,0 742,1171,822,1295,0 734,1100,795,1193,0
./input/helmet/xml_images/221.jpg 598,241,667,336,0 628,428,687,504,0 627,571,685,639,0 643,730,690,792,0 623,919,812,1140,0
./input/helmet/xml_images/539.jpg 69,700,183,797,0 250,735,316,780,0 392,694,461,738,0 574,685,669,756,0 711,682,815,740,0 863,667,974,729,0
./input/helmet/xml_images/449.jpg 146,84,266,164,0 282,138,384,203,0 381,165,466,222,0 497,152,557,204,0 664,103,789,208,0
./input/helmet/xml_images/311.jpg 182,233,269,282,0 313,256,379,306,0 401,252,473,298,0 498,264,549,301,0 581,257,637,291,0 773,249,835,306,0 801,290,871,336,0
./input/helmet/xml_images/nohat_53.jpg
./input/helmet/xml_images/76.jpg 140,484,241,543,0 330,457,417,522,0 509,450,584,511,0 775,391,927,479,0
./input/helmet/xml_images/18.jpg 718,792,831,974,0 692,940,781,1071,0 652,1039,730,1149,0 660,1131,723,1224,0
./input/helmet/xml_images/398.jpg 234,520,315,586,0 417,500,492,555,0 575,520,640,569,0 696,549,796,641,0 753,534,805,575,0
./input/helmet/xml_images/64.jpg 168,263,330,407,0 365,404,435,457,0 494,406,574,470,0 637,372,716,443,0 828,425,921,488,0
./input/helmet/xml_images/34.jpg 118,661,217,729,0 353,666,453,735,0 533,640,639,710,0 746,613,838,679,0 827,480,1024,680,0
./input/helmet/xml_images/nohat_52.jpg
./input/helmet/xml_images/459.jpg 578,807,676,900,0 598,183,660,282,0 596,347,646,422,0 579,459,617,518,0 597,539,632,589,0
./input/helmet/xml_images/406.jpg 177,55,238,108,0 325,47,382,94,0 507,11,551,39,0 701,1,793,55,0
./input/helmet/xml_images/nohat_90.jpg
./input/helmet/xml_images/47.jpg 641,18,730,193,0 738,449,802,565,0 700,627,783,751,0 692,919,771,1045,0
./input/helmet/xml_images/186.jpg 45,39,126,89,0 219,1,290,53,0 363,55,411,89,0 423,37,493,86,0 600,74,661,120,0 607,56,659,96,0
./input/helmet/xml_images/helmet1_76.jpg 220,256,308,328,0 386,140,398,147,0 80,78,100,96,0
./input/helmet/xml_images/nohat_20.jpg
./input/helmet/xml_images/21.jpg 764,1155,818,1228,0 759,1075,819,1167,0 805,997,863,1090,0 733,827,803,930,0 763,635,843,748,0 700,490,799,613,0
./input/helmet/xml_images/46.jpg 165,50,248,107,0 325,91,385,133,0 418,77,467,117,0 480,88,530,123,0 537,107,574,142,0 607,107,644,137,0 770,85,852,142,0
./input/helmet/xml_images/458.jpg 726,606,774,674,0 740,798,785,862,0 695,982,818,1103,0 746,421,812,510,0 769,210,853,320,0
./input/helmet/xml_images/nohat_36.jpg
./input/helmet/xml_images/448.jpg 150,218,301,359,0 357,224,447,289,0 504,168,610,246,0 793,180,946,274,0
./input/helmet/xml_images/341.jpg 52,507,219,639,0 293,516,425,621,0 451,486,585,575,0 777,435,952,623,0
./input/helmet/xml_images/nohat_48.jpg
./input/helmet/xml_images/110.jpg 180,509,305,582,0 403,535,462,581,0 497,544,569,596,0 581,576,664,641,0 687,534,791,615,0 885,475,1024,563,0
./input/helmet/xml_images/56.jpg 587,161,645,264,0 585,296,653,407,0 612,414,678,513,0 588,537,641,618,0 574,630,647,714,0 551,776,600,845,0 597,895,663,975,0 575,1024,694,1155,0 572,1144,642,1201,0
./input/helmet/xml_images/226.jpg 741,124,898,283,0 820,454,928,585,0 882,673,974,793,0 843,933,937,1072,0
./input/helmet/xml_images/225.jpg 769,15,824,122,0 722,382,798,483,0 677,589,750,683,0 711,827,788,919,0 707,1030,783,1128,0
./input/helmet/xml_images/92.jpg 278,312,379,382,0 399,359,487,424,0 504,378,576,438,0 604,425,670,472,0 677,420,733,462,0 807,355,917,427,0
./input/helmet/xml_images/308.jpg 157,280,239,336,0 209,232,283,296,0 511,238,569,281,0 558,234,633,285,0 661,212,755,266,0 757,210,864,274,0
./input/helmet/xml_images/333.jpg 102,656,215,770,0 345,722,423,775,0 457,696,556,749,0 551,685,658,754,0 690,660,807,739,0 895,631,1024,722,0
./input/helmet/xml_images/83.jpg 1,98,127,238,0 182,251,233,290,0 225,226,273,260,0 314,252,365,293,0 350,224,395,261,0 434,217,480,251,0 451,246,503,286,0 570,245,626,284,0 684,247,739,287,0 703,228,748,265,0 852,232,921,280,0
./input/helmet/xml_images/513.jpg 143,225,225,287,0 300,241,370,301,0 413,238,473,278,0 508,263,567,300,0 582,262,638,306,0 644,254,693,297,0 693,152,863,265,0 854,165,1005,245,0
./input/helmet/xml_images/233.jpg 93,188,179,240,0 203,239,272,281,0 266,221,324,261,0 315,225,364,263,0 373,232,420,260,0 406,217,448,244,0 448,224,485,248,0 488,228,519,251,0 508,224,533,246,0 687,218,744,256,0 749,209,798,243,0
./input/helmet/xml_images/helmet1_21.jpg 21,79,123,156,0 221,48,320,114,0
./input/helmet/xml_images/404.jpg 261,604,365,701,0 774,624,909,717,0 620,624,734,722,0 569,627,645,688,0
./input/helmet/xml_images/216.jpg 57,73,147,129,0 289,137,332,169,0 332,130,371,165,0 408,140,457,173,0 555,132,610,173,0 675,111,738,162,0 812,118,887,171,0 487,136,527,166,0
./input/helmet/xml_images/336.jpg 13,442,180,551,0 225,434,361,542,0 461,495,578,595,0 655,437,851,562,0
./input/helmet/xml_images/256.jpg 581,68,654,173,0 583,277,644,368,0 599,429,658,520,0 622,594,675,662,0 621,722,659,777,0 619,778,655,823,0 619,841,653,887,0 620,903,716,1022,0
./input/helmet/xml_images/135.jpg 899,46,1015,114,0 657,52,745,101,0 603,72,659,113,0 533,68,589,108,0 477,95,519,136,0 425,95,467,126,0 372,93,413,125,0 168,64,250,118,0
./input/helmet/xml_images/helmet1_82.jpg 216,55,244,78,0 483,259,524,292,0
./input/helmet/xml_images/552.jpg 96,78,190,143,0 483,106,518,135,0 544,83,591,121,0 641,67,699,108,0 826,26,904,74,0
./input/helmet/xml_images/2.jpg 95,78,191,148,0 482,106,518,134,0 542,86,592,123,0 640,67,698,110,0 826,25,903,76,0
./input/helmet/xml_images/nohat_34.jpg
./input/helmet/xml_images/303.jpg 84,705,193,776,0 338,676,452,781,0 538,706,605,756,0 652,714,721,766,0 767,712,845,774,0
./input/helmet/xml_images/52.jpg 342,302,396,340,0 442,318,486,351,0 480,299,523,334,0 540,322,582,359,0 710,275,784,330,0
./input/helmet/xml_images/505.jpg 163,97,244,165,0 331,21,498,177,0 480,70,625,180,0 664,91,784,167,0 768,92,838,161,0
./input/helmet/xml_images/74.jpg 118,357,229,428,0 324,379,418,460,0 546,377,615,458,0 657,417,728,462,0 795,433,844,479,0 829,380,957,466,0
./input/helmet/xml_images/helmet1_88.jpg 147,179,191,211,0 323,167,367,200,0 489,167,529,202,0
./input/helmet/xml_images/11.jpg 748,2,857,115,0 729,243,805,348,0 680,507,742,587,0 679,693,746,789,0
./input/helmet/xml_images/457.jpg 57,70,139,118,0 228,93,292,142,0 390,130,450,177,0 505,134,552,174,0 620,130,667,170,0 870,117,958,187,0
./input/helmet/xml_images/nohat_67.jpg
./input/helmet/xml_images/391.jpg 856,1423,992,1607,0 909,1344,1010,1484,0 911,1039,1024,1184,0 871,704,970,848,0 870,344,988,492,0 776,69,900,227,0
./input/helmet/xml_images/422.jpg 815,1519,1024,1866,0 807,1162,893,1291,0 751,932,843,1068,0 784,845,855,930,0 794,725,902,866,0 762,503,845,630,0 730,335,855,511,0 719,252,823,353,0
./input/helmet/xml_images/441.jpg 710,433,800,499,0 620,426,699,474,0 556,424,619,470,0 368,447,416,492,0 253,429,317,486,0
./input/helmet/xml_images/121.jpg 100,421,180,476,0 286,395,347,438,0 454,377,507,416,0 575,372,632,413,0 683,365,735,401,0 775,375,825,410,0 754,437,840,528,0
./input/helmet/xml_images/143.jpg 128,120,230,187,0 368,85,455,146,0 477,114,548,162,0 640,31,790,153,0
./input/helmet/xml_images/412.jpg 699,281,739,341,0 702,435,828,573,0 679,633,727,701,0 686,855,735,923,0 679,1164,737,1242,0 694,1545,759,1639,0
./input/helmet/xml_images/554.jpg 85,179,206,254,0 289,183,376,239,0 385,220,463,274,0 507,204,572,253,0 626,221,687,268,0 832,192,947,260,0 718,212,770,252,0
./input/helmet/xml_images/44.jpg 660,154,747,271,0 663,437,771,625,0 627,664,704,763,0 580,870,647,962,0 614,1056,675,1147,0 605,1248,661,1343,0 571,1372,713,1590,0
./input/helmet/xml_images/372.jpg 87,459,233,566,0 339,550,443,636,0 572,525,657,607,0 626,492,780,630,0
./input/helmet/xml_images/helmet1_11.jpg 251,29,404,129,0
./input/helmet/xml_images/280.jpg 676,93,867,303,0 660,472,754,582,0 651,693,745,839,0 707,914,859,1137,0
./input/helmet/xml_images/helmet1_89.jpg 320,113,391,191,0 443,54,486,83,0 562,1,592,40,0 277,49,338,91,0 168,71,249,128,0 74,60,170,132,0 115,45,157,70,0 171,53,203,73,0 2,120,61,195,0
./input/helmet/xml_images/nohat_11.jpg
./input/helmet/xml_images/232.jpg 377,615,425,644,0 484,614,511,633,0 534,625,566,649,0 586,621,624,646,0 655,630,702,659,0
./input/helmet/xml_images/347.jpg 333,90,400,147,0 481,132,514,156,0 575,114,616,140,0 687,102,735,137,0
./input/helmet/xml_images/13.jpg 175,67,243,113,0 338,86,387,131,0 495,87,545,126,0 557,90,609,126,0 626,100,669,133,0 710,117,751,150,0 838,106,922,177,0
./input/helmet/xml_images/283.jpg 1,549,119,761,0 212,679,323,771,0 374,706,493,783,0 571,687,708,783,0 838,663,971,760,0
./input/helmet/xml_images/202.jpg 140,77,196,118,0 275,57,330,98,0 412,71,458,109,0 551,61,596,100,0 671,70,714,100,0 698,75,788,146,0
./input/helmet/xml_images/461.jpg 682,450,715,488,0 662,497,700,537,0 687,572,729,617,0 680,660,723,722,0 679,222,754,298,0 689,754,738,828,0 657,837,713,925,0 683,974,756,1087,0
./input/helmet/xml_images/325.jpg 79,315,287,450,0 394,395,569,523,0 581,448,715,544,0 785,90,1024,393,0
./input/helmet/xml_images/nohat_82.jpg
./input/helmet/xml_images/207.jpg 235,690,384,839,0 552,810,654,880,0 681,860,781,938,0 763,846,885,935,0 857,837,1010,953,0
./input/helmet/xml_images/helmet1_100.jpg 401,19,463,76,0 235,93,303,139,0
./input/helmet/xml_images/helmet1_79.jpg 317,95,342,115,0
./input/helmet/xml_images/nohat_26.jpg
./input/helmet/xml_images/nohat_2.jpg
./input/helmet/xml_images/322.jpg 127,530,291,648,0 436,609,521,668,0 542,623,627,687,0 635,619,736,691,0 703,562,853,651,0
./input/helmet/xml_images/77.jpg 636,68,744,212,0 656,228,689,277,0 672,336,707,379,0 642,442,674,486,0 681,593,727,651,0
./input/helmet/xml_images/nohat_54.jpg
./input/helmet/xml_images/helmet1_51.jpg 203,48,276,98,0
./input/helmet/xml_images/334.jpg 246,509,324,567,0 392,500,456,566,0 486,481,545,525,0 591,504,645,547,0 708,518,805,608,0
./input/helmet/xml_images/332.jpg 220,274,305,332,0 341,307,395,336,0 424,299,480,332,0 513,298,568,330,0 612,284,670,332,0 727,280,800,317,0
./input/helmet/xml_images/467.jpg 598,994,671,1107,0 628,880,693,958,0 572,719,627,781,0 622,701,665,757,0 610,570,658,625,0 606,489,648,542,0 605,177,693,305,0 611,316,647,364,0 623,419,662,470,0
./input/helmet/xml_images/285.jpg 706,63,849,188,0 583,175,651,229,0 401,187,470,236,0 199,100,278,163,0
./input/helmet/xml_images/557.jpg 349,1,478,155,0 261,161,352,286,0 222,371,320,488,0 246,573,324,668,0 152,758,214,846,0 52,1000,236,1223,0
./input/helmet/xml_images/389.jpg 799,157,945,313,0 919,556,1018,689,0 904,823,988,943,0 937,1074,1024,1197,0 881,1367,985,1500,0
./input/helmet/xml_images/nohat_62.jpg
./input/helmet/xml_images/466.jpg 701,1040,763,1126,0 700,896,728,936,0 713,794,744,835,0 727,672,759,715,0 705,588,740,634,0 715,468,752,519,0 730,370,768,422,0 719,243,761,312,0 724,99,777,182,0
./input/helmet/xml_images/24.jpg 133,99,231,160,0 392,74,432,105,0 448,78,495,114,0 504,57,559,95,0 562,56,621,100,0 656,57,712,105,0 847,1,942,53,0
./input/helmet/xml_images/117.jpg 307,89,351,124,0 401,68,433,103,0 417,68,478,114,0 491,106,537,140,0 544,73,612,122,0 665,98,703,128,0 594,98,626,128,0
./input/helmet/xml_images/257.jpg 45,334,153,407,0 172,320,225,355,0 246,299,303,337,0 317,342,373,381,0 370,289,416,325,0 457,307,512,348,0 474,264,526,301,0 535,302,599,348,0 583,273,642,316,0 687,234,782,297,0 764,252,800,302,0
./input/helmet/xml_images/nohat_93.jpg
./input/helmet/xml_images/294.jpg 795,826,955,945,0 620,861,723,960,0 408,818,524,903,0 212,838,353,935,0 1,798,58,899,0
./input/helmet/xml_images/94.jpg 234,274,330,353,0 353,309,434,380,0 425,310,484,371,0 472,343,534,398,0 547,353,606,396,0 788,290,921,415,0
./input/helmet/xml_images/helmet1_41.jpg 9,108,197,240,0 183,103,284,183,0 464,129,509,162,0 502,93,758,240,0
./input/helmet/xml_images/295.jpg 954,503,1024,587,0 559,539,663,615,0 372,573,476,660,0 108,537,264,632,0
./input/helmet/xml_images/nohat_57.jpg
./input/helmet/xml_images/nohat_70.jpg
./input/helmet/xml_images/105.jpg 152,330,267,425,0 617,338,721,404,0 732,350,826,424,0 797,322,952,409,0
./input/helmet/xml_images/220.jpg 688,458,737,519,0 688,582,733,642,0 663,679,708,745,0 680,785,728,855,0 685,90,801,271,0 682,980,728,1058,0
./input/helmet/xml_images/107.jpg 816,206,912,360,0 923,1359,1023,1521,0 851,937,925,1043,0 844,1051,918,1139,0 823,1124,880,1199,0 800,760,880,879,0 876,478,964,611,0
./input/helmet/xml_images/nohat_85.jpg
./input/helmet/xml_images/468.jpg 57,68,138,122,0 231,92,292,145,0 389,128,449,177,0 506,132,552,171,0 620,129,667,170,0 871,118,960,185,0
./input/helmet/xml_images/217.jpg 60,79,117,125,0 149,98,209,143,0 240,99,304,148,0 356,86,419,146,0 491,56,550,111,0 629,54,690,100,0 693,35,770,90,0 865,25,965,92,0
./input/helmet/xml_images/244.jpg 254,484,317,533,0 409,507,467,552,0 500,474,550,510,0 596,471,648,506,0 691,477,740,514,0 743,445,817,514,0
./input/helmet/xml_images/helmet1_83.jpg 67,79,138,151,0 228,29,296,84,0
./input/helmet/xml_images/175.jpg 620,97,659,157,0 629,225,665,279,0 633,321,665,368,0 617,416,646,459,0 604,490,635,536,0 616,555,646,597,0 604,625,630,661,0 581,817,636,891,0
./input/helmet/xml_images/36.jpg 547,1,699,156,0 524,384,590,478,0 549,567,643,721,0 553,793,616,871,0 584,984,644,1069,0 563,1162,624,1243,0 587,1367,657,1460,0 549,120,609,179,0
./input/helmet/xml_images/93.jpg 54,262,208,373,0 382,298,436,339,0 469,295,514,327,0 600,298,646,333,0 721,286,770,323,0 810,272,877,318,0 633,292,669,323,0
./input/helmet/xml_images/57.jpg 275,1,352,51,0 397,1,463,45,0 494,22,545,59,0 631,36,671,64,0 852,9,966,79,0 541,32,581,66,0
./input/helmet/xml_images/501.jpg 78,71,154,135,0 273,86,314,113,0 327,76,376,114,0 411,69,466,110,0 519,91,583,132,0 641,98,703,141,0 906,37,1024,109,0
./input/helmet/xml_images/555.jpg 802,300,937,399,0 575,294,687,366,0 463,304,549,357,0 375,332,457,386,0 264,308,336,354,0 179,316,242,364,0 1,282,50,373,0
./input/helmet/xml_images/239.jpg 239,163,327,220,0 358,158,432,206,0 438,149,500,186,0 493,145,545,180,0 537,154,576,185,0 547,146,582,175,0 776,119,878,198,0
./input/helmet/xml_images/128.jpg 70,567,185,642,0 283,610,385,676,0 443,632,526,691,0 603,621,676,677,0 794,647,930,759,0
./input/helmet/xml_images/helmet1_1.jpg 204,167,432,322,0
./input/helmet/xml_images/nohat_24.jpg
./input/helmet/xml_images/371.jpg 652,224,699,256,0 529,236,567,263,0 451,245,486,270,0 377,226,412,250,0 302,175,368,218,0
./input/helmet/xml_images/45.jpg 594,188,801,437,0 608,523,664,603,0 622,592,676,683,0 572,713,626,790,0 620,709,711,893,0 616,1000,693,1107,0 577,1275,683,1428,0
./input/helmet/xml_images/476.jpg 357,4,548,300,0 426,554,500,664,0 427,817,500,928,0 370,1301,459,1422,0 422,1064,504,1177,0
./input/helmet/xml_images/379.jpg 80,575,253,683,0 321,523,443,619,0 426,560,530,636,0 536,538,626,608,0 616,556,687,604,0 718,591,787,637,0 862,534,958,618,0
./input/helmet/xml_images/6.jpg 1,172,176,296,0 277,308,323,341,0 402,281,459,319,0 554,281,599,312,0 763,273,812,306,0 821,234,892,286,0
./input/helmet/xml_images/20.jpg 236,966,305,1073,0 197,732,284,820,0 179,531,265,622,0 277,484,331,554,0 250,345,306,436,0 241,176,348,302,0
./input/helmet/xml_images/helmet1_126.jpg 236,88,270,126,0 323,66,371,98,0
./input/helmet/xml_images/nohat_51.jpg
./input/helmet/xml_images/550.jpg 419,743,519,815,0 509,746,568,788,0 687,740,759,810,0 845,729,921,791,0
./input/helmet/xml_images/helmet1_56.jpg 618,485,775,636,0 831,649,1006,765,0 966,473,1127,644,0
./input/helmet/xml_images/nohat_10.jpg
./input/helmet/xml_images/405.jpg 188,702,256,758,0 372,700,436,757,0 589,652,656,705,0 804,649,928,736,0
./input/helmet/xml_images/helmet1_74.jpg 135,66,191,103,0
./input/helmet/xml_images/nohat_46.jpg
./input/helmet/xml_images/214.jpg 219,57,284,105,0 287,110,319,134,0 323,124,359,150,0 353,116,391,145,0 402,104,442,129,0 465,117,502,148,0 523,112,568,143,0 611,93,657,125,0 724,109,774,143,0
./input/helmet/xml_images/300.jpg 291,400,340,469,0 236,577,288,644,0 250,799,288,866,0 296,1009,348,1080,0
./input/helmet/xml_images/180.jpg 673,615,739,722,0 691,765,764,878,0 707,244,829,429,0 666,903,763,1059,0
./input/helmet/xml_images/nohat_30.jpg
./input/helmet/xml_images/nohat_22.jpg
./input/helmet/xml_images/helmet1_31.jpg 448,133,528,183,0
./input/helmet/xml_images/nohat_41.jpg
./input/helmet/xml_images/nohat_18.jpg
./input/helmet/xml_images/nohat_87.jpg 611,624,629,640,0
./input/helmet/xml_images/497.jpg 3,659,49,695,0 90,654,137,692,0 123,646,163,675,0 188,659,234,692,0 254,660,297,698,0 321,638,363,667,0 400,657,440,686,0 460,651,496,679,0 371,655,400,684,0 301,655,330,681,0 788,613,854,664,0 764,609,811,652,0 271,644,304,669,0 239,658,264,684,0 187,647,225,679,0
./input/helmet/xml_images/384.jpg 176,211,276,309,0 331,280,376,312,0 434,256,488,291,0 531,242,590,288,0 641,229,703,280,0
./input/helmet/xml_images/nohat_3.jpg
./input/helmet/xml_images/307.jpg 263,296,329,338,0 346,298,405,336,0 415,310,463,342,0 475,334,526,369,0 720,350,783,413,0 805,376,866,416,0
./input/helmet/xml_images/96.jpg 76,657,183,719,0 147,615,236,672,0 237,626,321,679,0 319,647,391,697,0 410,637,469,682,0 533,624,589,668,0 713,597,809,679,0
./input/helmet/xml_images/387.jpg 37,328,224,461,0 307,399,411,464,0 517,386,640,485,0 671,451,812,557,0 885,366,1024,459,0
./input/helmet/xml_images/213.jpg 76,82,149,121,0 189,98,249,135,0 265,113,318,146,0 372,120,411,145,0 438,126,477,157,0 478,123,514,151,0 526,119,559,142,0 563,135,594,157,0 720,77,792,125,0
./input/helmet/xml_images/33.jpg 42,63,218,174,0 1,180,38,209,0 348,147,400,183,0 420,176,468,211,0 478,175,532,217,0 575,165,633,209,0 633,144,686,185,0 676,174,740,223,0
./input/helmet/xml_images/562.jpg 196,719,301,815,0 424,732,505,781,0 514,735,602,803,0 615,684,724,765,0 762,649,910,740,0
./input/helmet/xml_images/262.jpg 657,770,725,849,0 713,191,786,291,0 698,306,751,393,0 698,407,744,475,0 711,484,760,540,0 704,548,736,601,0
./input/helmet/xml_images/367.jpg 639,308,689,374,0 647,483,688,539,0 656,648,699,698,0 674,815,715,872,0 681,888,755,994,0
./input/helmet/xml_images/339.jpg 68,542,246,648,0 233,553,379,634,0 368,542,499,629,0 510,584,618,666,0 817,539,984,698,0
./input/helmet/xml_images/helmet1_35.jpg 98,122,143,152,0 207,114,247,143,0 310,120,348,145,0 415,129,457,154,0 493,116,537,146,0
./input/helmet/xml_images/435.jpg 689,189,804,360,0 697,508,751,591,0 732,741,790,823,0 707,929,771,1028,0 697,1137,767,1253,0 705,1395,783,1522,0
./input/helmet/xml_images/helmet1_34.jpg 401,174,571,304,0
./input/helmet/xml_images/506.jpg 64,206,294,352,0 305,323,376,366,0 407,247,481,301,0 579,235,662,287,0 704,275,788,334,0 886,194,987,251,0
./input/helmet/xml_images/393.jpg 903,1324,1007,1444,0 955,1113,1024,1243,0 958,823,1024,941,0 870,447,971,579,0
./input/helmet/xml_images/484.jpg 32,635,157,706,0 259,583,352,652,0 410,585,492,642,0 516,601,590,656,0 698,594,763,678,0 743,562,869,652,0
./input/helmet/xml_images/nohat_58.jpg
./input/helmet/xml_images/499.jpg 78,424,288,553,0 366,545,464,613,0 547,543,648,628,0 822,505,930,579,0
./input/helmet/xml_images/nohat_38.jpg
./input/helmet/xml_images/61.jpg 223,38,344,134,0 344,66,401,111,0 498,84,553,124,0 564,12,664,90,0 760,91,825,133,0 652,66,682,114,0
./input/helmet/xml_images/380.jpg 220,213,299,340,0 340,406,408,494,0 297,521,351,592,0 364,604,432,673,0 331,682,384,755,0 283,931,384,1097,0
./input/helmet/xml_images/168.jpg 63,571,142,645,0 202,590,271,634,0 347,531,415,585,0 444,563,495,610,0 518,579,581,625,0 678,527,819,618,0 657,575,692,623,0
./input/helmet/xml_images/234.jpg 84,232,160,275,0 233,266,286,301,0 354,250,412,287,0 401,252,445,295,0 461,266,511,296,0 517,251,564,284,0 564,244,609,273,0 614,257,655,284,0 675,256,712,282,0 731,234,769,263,0 783,243,820,268,0 848,229,924,274,0
./input/helmet/xml_images/29.jpg 746,225,825,339,0 658,523,733,624,0 626,756,688,844,0 661,979,731,1071,0 704,1182,771,1265,0
./input/helmet/xml_images/502.jpg 303,357,419,448,0 421,434,495,490,0 487,412,545,463,0 589,529,643,573,0 637,521,677,555,0
./input/helmet/xml_images/561.jpg 95,463,263,580,0 400,468,537,566,0 566,489,672,582,0 729,552,801,632,0 787,467,952,620,0
./input/helmet/xml_images/394.jpg 39,619,116,674,0 206,617,289,670,0 350,643,423,692,0 458,652,527,701,0 603,636,664,685,0 835,614,922,686,0
./input/helmet/xml_images/88.jpg 606,634,666,722,0 600,456,653,529,0 619,289,667,361,0 610,165,715,283,0
./input/helmet/xml_images/helmet1_54.jpg 37,27,172,116,0 147,59,215,107,0 267,36,336,80,0
./input/helmet/xml_images/12.jpg 56,510,176,594,0 341,567,506,688,0 605,543,726,637,0 706,465,903,608,0
./input/helmet/xml_images/395.jpg 33,541,166,632,0 256,582,372,666,0 401,572,506,643,0 560,541,648,606,0 820,449,998,611,0
./input/helmet/xml_images/420.jpg 3,120,351,381,0 433,257,585,383,0 731,264,903,394,0
./input/helmet/xml_images/194.jpg 93,91,155,131,0 250,102,301,135,0 373,94,425,132,0 480,87,531,125,0 542,85,587,123,0 593,126,640,164,0 720,126,772,166,0 867,115,921,156,0
./input/helmet/xml_images/238.jpg 586,186,675,337,0 603,536,682,652,0 538,822,619,948,0 563,1032,647,1157,0 533,1239,604,1354,0 500,1405,581,1508,0 493,1576,656,1821,0
./input/helmet/xml_images/nohat_19.jpg
./input/helmet/xml_images/229.jpg 537,724,619,827,0 610,557,666,640,0 591,363,634,421,0 549,164,631,273,0 602,470,649,545,0
./input/helmet/xml_images/8.jpg 674,268,764,366,0 684,576,718,630,0 683,619,722,668,0 672,651,728,722,0 690,737,753,825,0 620,783,702,890,0 676,883,782,1007,0
./input/helmet/xml_images/431.jpg 72,368,303,534,0 514,519,629,592,0 656,445,797,543,0 843,497,1013,594,0
./input/helmet/xml_images/255.jpg 655,113,725,212,0 683,282,740,362,0 690,455,739,538,0 651,607,699,672,0 678,723,719,785,0 658,796,699,853,0 665,868,705,915,0 696,981,782,1079,0
./input/helmet/xml_images/97.jpg 77,656,182,721,0 142,614,235,673,0 239,627,318,679,0 320,645,393,697,0 410,637,470,681,0 535,625,590,670,0 711,597,810,680,0
./input/helmet/xml_images/185.jpg 46,38,124,90,0 220,1,291,48,0 363,55,413,90,0 425,40,493,87,0 596,75,663,122,0 607,57,660,94,0
./input/helmet/xml_images/84.jpg 239,317,315,365,0 200,309,251,353,0 302,318,354,351,0 368,342,417,376,0 459,313,504,344,0 516,330,558,363,0 625,339,673,373,0 703,257,798,319,0
./input/helmet/xml_images/nohat_86.jpg
./input/helmet/xml_images/192.jpg 127,84,172,118,0 242,39,287,76,0 338,34,380,67,0 431,29,471,65,0 469,33,506,60,0 542,23,595,76,0 660,3,710,38,0 793,1,854,39,0 904,1,970,37,0
./input/helmet/xml_images/nohat_13.jpg
./input/helmet/xml_images/helmet1_2.jpg 215,73,497,271,0
./input/helmet/xml_images/508.jpg 58,209,229,313,0 232,160,333,236,0 362,174,444,232,0 508,137,583,189,0 596,119,642,159,0 896,83,1013,201,0 545,126,592,160,0
./input/helmet/xml_images/17.jpg 653,1215,717,1297,0 681,1630,808,1808,0 641,943,711,1049,0 681,673,763,793,0
./input/helmet/xml_images/328.jpg 113,367,312,514,0 279,438,408,531,0 716,396,904,561,0
./input/helmet/xml_images/357.jpg 736,1119,849,1257,0 722,970,774,1042,0 761,763,816,848,0 726,480,792,564,0 681,154,741,251,0
./input/helmet/xml_images/197.jpg 660,132,730,214,0 659,334,710,408,0 642,512,695,583,0 650,683,698,751,0 643,830,688,896,0 659,968,704,1033,0 629,1079,671,1152,0
./input/helmet/xml_images/helmet1_15.jpg 295,1,767,253,0
./input/helmet/xml_images/160.jpg 61,372,138,432,0 246,398,326,458,0 455,356,532,417,0 654,355,749,425,0
./input/helmet/xml_images/439.jpg 622,1483,853,1725,0 660,1180,793,1392,0 652,817,799,960,0 722,555,820,699,0 736,1,937,368,0
./input/helmet/xml_images/51.jpg 390,351,437,395,0 437,324,478,359,0 499,330,547,368,0 561,341,603,374,0 610,340,660,377,0 693,277,794,355,0
./input/helmet/xml_images/181.jpg 746,1038,840,1172,0 771,1411,879,1581,0 637,1766,772,1968,0 769,709,869,839,0 746,440,845,578,0 807,1,1024,272,0
./input/helmet/xml_images/nohat_14.jpg
./input/helmet/xml_images/helmet1_73.jpg 650,332,767,403,0 745,213,874,296,0
./input/helmet/xml_images/450.jpg 99,460,201,515,0 230,460,312,520,0 354,472,418,515,0 449,469,510,510,0 514,485,563,521,0 594,448,688,509,0 676,450,743,505,0
./input/helmet/xml_images/523.jpg 852,85,930,137,0 693,77,753,122,0 622,55,676,101,0 522,73,567,120,0 318,83,350,104,0 399,68,434,97,0 33,16,129,88,0 455,62,501,90,0
./input/helmet/xml_images/352.jpg 799,341,868,460,0 712,783,761,845,0 715,862,765,931,0 743,914,806,1018,0 746,1024,812,1118,0 736,1128,803,1224,0 747,1222,806,1296,0 780,1281,839,1371,0 728,1384,794,1502,0
./input/helmet/xml_images/176.jpg 649,1,715,95,0 619,202,670,279,0 642,345,684,405,0 636,460,679,523,0 657,566,702,621,0 635,679,726,775,0
./input/helmet/xml_images/323.jpg 706,930,767,1026,0 706,754,768,847,0 735,598,804,685,0 737,466,794,540,0 731,272,788,353,0 692,111,812,298,0
./input/helmet/xml_images/337.jpg 596,359,850,619,0 655,874,752,1008,0 727,1180,823,1324,0 664,1436,807,1607,0
./input/helmet/xml_images/299.jpg 34,217,164,404,0 79,594,192,732,0 101,867,192,982,0 161,1180,236,1282,0
./input/helmet/xml_images/16.jpg 37,474,251,638,0 369,576,455,634,0 445,549,514,605,0 549,570,635,636,0 601,539,673,587,0 752,537,839,600,0 874,520,950,579,0
./input/helmet/xml_images/316.jpg 780,330,1024,522,0 499,356,702,523,0 304,440,453,552,0 110,513,198,579,0 1,262,211,526,0
./input/helmet/xml_images/271.jpg 673,160,771,297,0 702,573,754,645,0 746,654,798,735,0 709,747,774,839,0 717,851,790,966,0
./input/helmet/xml_images/296.jpg 915,628,1021,707,0 763,750,870,824,0 656,796,744,870,0 530,891,605,942,0 149,741,239,805,0
./input/helmet/xml_images/113.jpg 97,54,164,92,0 318,80,361,112,0 354,86,408,129,0 468,80,517,111,0 522,89,552,116,0 544,86,589,118,0 614,100,657,128,0 665,109,697,138,0 884,93,965,156,0
./input/helmet/xml_images/521.jpg 95,171,162,217,0 382,145,437,179,0 509,161,546,195,0 621,158,659,192,0 717,177,750,207,0 896,131,966,186,0
./input/helmet/xml_images/559.jpg 735,179,878,390,0 675,659,734,740,0 728,749,775,820,0 714,854,771,922,0 734,925,790,994,0 689,988,746,1077,0 715,1098,777,1179,0 706,1174,768,1268,0 721,1274,782,1359,0
./input/helmet/xml_images/369.jpg 636,221,683,306,0 597,308,669,380,0 639,384,679,436,0 642,477,678,534,0 657,558,691,613,0 626,679,664,728,0 642,759,675,804,0 670,895,720,957,0
./input/helmet/xml_images/184.jpg 104,70,171,113,0 278,42,337,82,0 356,67,418,115,0 485,97,529,133,0 540,92,597,137,0 707,112,767,154,0 876,89,940,132,0
./input/helmet/xml_images/nohat_25.jpg
./input/helmet/xml_images/89.jpg 540,89,641,232,0 595,175,657,286,0 554,328,640,442,0 586,405,649,470,0 563,464,643,572,0 570,588,628,680,0 585,702,645,777,0
./input/helmet/xml_images/249.jpg 719,644,754,695,0 681,534,722,600,0 734,969,863,1109,0 680,396,726,467,0 715,109,771,203,0
./input/helmet/xml_images/53.jpg 516,1351,568,1421,0 556,1116,611,1190,0 499,998,558,1082,0 516,892,583,965,0 533,691,585,761,0 537,542,602,632,0 475,376,600,525,0 547,321,605,400,0 527,105,582,194,0
./input/helmet/xml_images/252.jpg 734,1026,820,1139,0 659,883,702,939,0 660,827,708,892,0 672,710,729,778,0 701,647,752,723,0 685,499,745,588,0 664,379,741,478,0 693,153,781,290,0 709,399,764,477,0
./input/helmet/xml_images/4.jpg 282,440,371,502,0 426,426,513,488,0 538,460,606,511,0 699,424,805,492,0
./input/helmet/xml_images/nohat_31.jpg
./input/helmet/xml_images/helmet1_32.jpg 99,30,222,115,0
./input/helmet/xml_images/162.jpg 89,389,185,319,0 246,386,353,297,0 424,361,513,293,0 612,364,704,303,0
./input/helmet/xml_images/551.jpg 236,71,314,135,0 394,128,442,160,0 501,124,549,158,0 640,141,697,183,0
./input/helmet/xml_images/474.jpg 232,955,327,1111,0 263,600,320,668,0 282,419,342,500,0 253,184,335,295,0
./input/helmet/xml_images/helmet1_23.jpg 116,27,318,175,0
./input/helmet/xml_images/nohat_74.jpg
./input/helmet/xml_images/helmet1_66.jpg 95,1,189,76,0 212,301,315,397,0 597,139,692,269,0 853,47,967,174,0
./input/helmet/xml_images/428.jpg 1,329,56,374,0 175,359,240,406,0 379,363,437,408,0 502,386,559,427,0 611,369,667,411,0 700,297,811,395,0
./input/helmet/xml_images/helmet1_27.jpg 307,108,453,243,0
./input/helmet/xml_images/3.jpg 137,750,280,853,0 430,804,520,866,0 514,814,628,888,0 626,819,757,911,0 841,745,992,838,0
./input/helmet/xml_images/447.jpg 182,158,289,246,0 364,99,436,155,0 526,73,603,128,0 669,102,752,161,0
./input/helmet/xml_images/209.jpg 742,42,893,261,0 801,233,910,388,0 838,356,930,494,0 815,526,906,645,0 847,672,923,772,0 798,801,869,893,0 838,943,905,1021,0 834,1111,901,1196,0 806,1470,917,1601,0
./input/helmet/xml_images/nohat_105.jpg
./input/helmet/xml_images/helmet1_42.jpg 174,212,545,498,0
./input/helmet/xml_images/518.jpg 95,99,167,158,0 353,144,395,176,0 436,121,490,159,0 491,103,549,142,0 560,105,626,177,0 766,90,852,161,0
./input/helmet/xml_images/nohat_71.jpg
./input/helmet/xml_images/nohat_103.jpg
./input/helmet/xml_images/364.jpg 103,339,203,423,0 210,347,291,409,0 293,369,360,429,0 351,398,414,446,0 401,380,455,420,0 457,379,512,422,0 500,380,548,413,0 534,415,585,446,0 828,316,911,366,0
./input/helmet/xml_images/helmet1_40.jpg 176,123,278,196,0 332,182,413,238,0 444,143,517,193,0 589,166,673,219,0
./input/helmet/xml_images/nohat_72.jpg
./input/helmet/xml_images/25.jpg 704,177,779,283,0 706,459,779,549,0 717,666,783,750,0 734,822,796,915,0
./input/helmet/xml_images/40.jpg 691,116,790,187,0 453,94,538,158,0 318,84,456,165,0 230,116,297,162,0 1,1,189,161,0
./input/helmet/xml_images/118.jpg 170,128,249,184,0 393,112,465,167,0 498,95,601,175,0 696,94,743,137,0 733,50,834,154,0
./input/helmet/xml_images/446.jpg 32,138,123,204,0 194,152,240,182,0 279,174,325,205,0 411,170,458,206,0 602,138,650,174,0 709,128,764,169,0 863,136,932,175,0
./input/helmet/xml_images/205.jpg 646,111,724,223,0 669,309,729,403,0 659,462,723,558,0 635,614,694,695,0 629,799,684,879,0 667,973,718,1055,0
./input/helmet/xml_images/400.jpg 220,448,327,514,0 354,454,440,522,0 509,421,577,472,0 622,429,682,479,0 666,453,776,558,0
./input/helmet/xml_images/237.jpg 55,272,253,445,0 302,439,386,506,0 466,424,560,503,0 4,420,86,479,0 691,384,773,444,0 732,435,843,506,0
./input/helmet/xml_images/156.jpg 54,275,190,381,0 313,362,419,437,0 487,383,564,447,0 647,389,727,449,0
./input/helmet/xml_images/nohat_100.jpg
./input/helmet/xml_images/315.jpg 113,219,194,270,0 284,220,353,269,0 439,229,504,273,0 570,179,683,275,0 794,239,919,323,0
./input/helmet/xml_images/helmet1_20.jpg 117,4,295,145,0 379,231,394,245,0
./input/helmet/xml_images/helmet1_5.jpg 285,38,383,109,0
./input/helmet/xml_images/111.jpg 813,223,970,328,0 672,239,726,280,0 567,273,632,318,0 444,268,519,326,0 277,260,383,324,0 69,222,194,317,0
./input/helmet/xml_images/helmet1_33.jpg 330,49,399,106,0
./input/helmet/xml_images/510.jpg 101,476,169,515,0 207,485,258,527,0 293,499,338,538,0 381,477,426,515,0 531,460,611,517,0
./input/helmet/xml_images/helmet1_78.jpg 58,139,104,173,0 115,120,162,155,0 198,104,246,141,0 311,143,358,174,0 406,160,450,189,0
./input/helmet/xml_images/418.jpg 756,1021,876,1210,0 754,884,844,1020,0 729,723,794,823,0 702,286,819,436,0 747,406,807,493,0
./input/helmet/xml_images/nohat_7.jpg
./input/helmet/xml_images/482.jpg 125,393,254,476,0 207,309,300,365,0 319,361,411,418,0 443,345,503,387,0 389,372,449,422,0 720,355,821,415,0
./input/helmet/xml_images/148.jpg 608,831,658,906,0 607,679,642,728,0 615,615,655,668,0 597,531,639,593,0 602,420,646,495,0 585,293,637,380,0 569,184,631,290,0
./input/helmet/xml_images/nohat_80.jpg
./input/helmet/xml_images/503.jpg 154,198,256,271,0 342,239,431,308,0 513,190,590,253,0 647,189,810,336,0
./input/helmet/xml_images/534.jpg 151,225,235,280,0 282,263,351,318,0 270,259,314,306,0 414,283,474,340,0 498,287,556,334,0 636,287,697,330,0 729,334,838,424,0
./input/helmet/xml_images/86.jpg 257,176,324,225,0 398,185,456,229,0 507,179,560,222,0 664,81,801,191,0
./input/helmet/xml_images/291.jpg 754,398,849,523,0 747,690,837,812,0 739,970,835,1095,0 613,1071,798,1290,0 724,1262,821,1362,0
./input/helmet/xml_images/helmet1_45.jpg 239,266,338,351,0 361,45,475,143,0
./input/helmet/xml_images/373.jpg 207,476,310,573,0 367,480,428,527,0 467,489,529,534,0 595,495,666,542,0 751,452,833,510,0
./input/helmet/xml_images/261.jpg 20,420,103,482,0 328,477,396,534,0 473,449,550,505,0 617,497,681,545,0 849,545,916,606,0 911,553,1024,635,0
./input/helmet/xml_images/82.jpg 193,499,275,553,0 415,558,461,590,0 485,551,534,586,0 581,533,638,576,0 642,531,702,581,0 728,558,793,603,0 777,524,868,582,0 862,562,887,583,0
./input/helmet/xml_images/nohat_84.jpg
./input/helmet/xml_images/206.jpg 61,112,132,159,0 236,116,294,159,0 370,128,422,171,0 491,126,546,168,0 594,131,645,168,0 789,164,887,239,0
./input/helmet/xml_images/159.jpg 596,443,692,508,0 387,372,484,434,0 187,381,277,449,0 1,400,78,461,0
./input/helmet/xml_images/343.jpg 129,718,247,830,0 544,716,637,778,0 660,664,768,730,0 847,665,988,765,0
./input/helmet/xml_images/188.jpg 8,29,76,80,0 163,23,245,78,0 310,1,382,43,0 543,35,626,89,0 745,26,859,90,0
./input/helmet/xml_images/nohat_6.jpg
./input/helmet/xml_images/nohat_5.jpg
./input/helmet/xml_images/281.jpg 740,858,926,1045,0 783,582,859,670,0 730,433,812,554,0 799,110,912,295,0
./input/helmet/xml_images/419.jpg 655,259,741,397,0 648,472,724,566,0 708,861,758,946,0 670,940,785,1063,0
./input/helmet/xml_images/nohat_8.jpg
./input/helmet/xml_images/116.jpg 306,89,352,122,0 400,68,433,99,0 547,73,612,121,0 666,98,702,126,0 492,105,537,141,0 602,96,626,127,0 416,66,479,114,0
./input/helmet/xml_images/199.jpg 595,197,652,292,0 542,392,599,462,0 544,459,595,531,0 556,593,602,657,0 535,736,575,790,0 543,827,583,879,0 520,864,551,918,0
./input/helmet/xml_images/helmet1_13.jpg 12,28,102,95,0 144,1,219,45,0 294,39,336,72,0
./input/helmet/xml_images/438.jpg 241,360,355,458,0 453,239,552,320,0 787,211,987,353,0
./input/helmet/xml_images/223.jpg 170,249,229,290,0 307,233,351,264,0 360,253,401,287,0 391,230,428,255,0 462,236,504,265,0 520,245,557,270,0 789,172,906,257,0
./input/helmet/xml_images/72.jpg 100,837,176,892,0 239,823,311,877,0 353,838,411,882,0 487,856,543,898,0 618,859,715,925,0
./input/helmet/xml_images/131.jpg 717,405,831,592,0 663,987,762,1108,0 689,1171,773,1287,0 702,1335,794,1462,0
./input/helmet/xml_images/140.jpg 77,120,187,191,0 267,146,367,216,0 368,199,417,234,0 443,190,496,233,0 576,237,623,271,0 707,200,763,243,0
./input/helmet/xml_images/helmet1_9.jpg 82,61,176,131,0 203,10,333,109,0
./input/helmet/xml_images/178.jpg 755,153,1024,355,0 505,199,624,289,0 263,205,399,309,0 30,172,175,285,0
./input/helmet/xml_images/475.jpg 33,475,159,578,0 317,495,428,582,0 595,456,697,535,0 670,403,899,554,0
./input/helmet/xml_images/81.jpg 92,436,226,520,0 291,412,384,477,0 459,440,533,503,0 585,426,654,480,0 703,405,770,458,0 807,354,925,466,0
./input/helmet/xml_images/19.jpg 582,317,699,448,0 663,507,713,583,0 678,633,749,726,0 624,745,694,821,0 628,815,712,911,0 696,842,764,926,0
./input/helmet/xml_images/101.jpg 67,89,149,143,0 375,121,416,144,0 423,110,461,137,0 479,93,546,122,0 550,95,579,119,0 575,97,626,133,0 634,93,673,120,0 723,98,763,129,0 837,88,886,123,0
./input/helmet/xml_images/41.jpg 313,133,374,176,0 410,109,503,156,0 592,139,648,182,0 759,59,893,155,0 736,132,774,169,0
./input/helmet/xml_images/196.jpg 712,149,793,270,0 714,437,781,540,0 683,645,755,738,0 693,814,756,899,0 727,964,786,1046,0
./input/helmet/xml_images/462.jpg 767,165,810,228,0 763,307,806,361,0 757,364,799,412,0 733,486,775,543,0 769,470,791,499,0 748,587,785,640,0 731,690,762,731,0 750,772,782,813,0 735,896,768,941,0 748,983,817,1080,0
./input/helmet/xml_images/553.jpg 25,336,123,399,0 156,361,212,402,0 287,357,348,398,0 375,349,446,396,0 445,371,521,420,0 553,347,640,414,0 732,315,847,387,0
./input/helmet/xml_images/22.jpg 647,278,715,377,0 632,569,696,650,0 640,692,701,780,0 643,809,695,880,0 664,875,709,942,0
./input/helmet/xml_images/79.jpg 1,22,110,88,0 378,51,410,72,0 417,65,455,92,0 491,48,532,75,0 566,47,614,77,0 662,48,713,84,0 785,55,839,95,0 902,44,974,92,0
./input/helmet/xml_images/helmet1_116.jpg 288,159,308,176,0 331,183,365,211,0 386,157,426,187,0 428,172,462,192,0 485,165,539,197,0 527,165,551,184,0 549,177,566,191,0 563,191,590,209,0 586,178,619,201,0 617,174,640,195,0
./input/helmet/xml_images/103.jpg 777,785,851,879,0 772,583,844,677,0 804,1079,990,1305,0 771,378,862,476,0 751,187,866,303,0 799,48,878,134,0 800,1,939,79,0
./input/helmet/xml_images/106.jpg 245,344,349,419,0 494,306,593,382,0 596,345,667,402,0 753,263,904,369,0
./input/helmet/xml_images/helmet1_85.jpg 704,115,714,123,0 741,143,753,158,0 763,138,780,157,0 844,101,855,112,0
./input/helmet/xml_images/10.jpg 123,486,207,545,0 287,486,358,543,0 425,488,494,538,0 505,505,565,545,0 599,530,669,576,0 689,496,752,543,0 799,497,909,571,0
./input/helmet/xml_images/nohat_55.jpg
./input/helmet/xml_images/245.jpg 690,944,791,1078,0 645,882,698,960,0 704,733,754,814,0 716,525,751,598,0 692,351,752,441,0 644,130,752,236,0
./input/helmet/xml_images/helmet1_50.jpg 106,2,259,91,0
./input/helmet/xml_images/38.jpg 767,1,1024,345,0 575,458,660,577,0 609,667,685,837,0 538,933,615,1049,0 538,1307,638,1434,0
./input/helmet/xml_images/154.jpg 650,891,695,963,0 636,871,669,907,0 610,819,646,864,0 603,756,639,806,0 615,680,659,735,0 615,606,654,659,0 578,482,625,543,0 640,208,695,282,0 602,370,651,432,0
./input/helmet/xml_images/helmet1_57.jpg 40,142,103,184,0 128,178,185,213,0 127,126,184,161,0 203,153,259,188,0 261,168,296,207,0 294,179,344,214,0 338,197,374,224,0 480,148,527,177,0 517,151,555,177,0 560,160,602,188,0 590,161,628,189,0 655,190,697,214,0 688,183,729,209,0 730,185,764,211,0
./input/helmet/xml_images/382.jpg 202,1,295,40,0 432,54,517,120,0 656,7,751,82,0
./input/helmet/xml_images/130.jpg 71,449,169,526,0 413,491,507,564,0 602,498,697,584,0 861,481,972,565,0
./input/helmet/xml_images/nohat_94.jpg
./input/helmet/xml_images/399.jpg 145,339,403,516,0 447,382,562,476,0 619,300,764,408,0
./input/helmet/xml_images/183.jpg 638,91,676,155,0 646,234,685,295,0 664,373,698,423,0 633,504,666,553,0 668,623,699,668,0 642,733,677,782,0 630,829,671,878,0 631,914,663,956,0 616,995,653,1046,0 633,1076,663,1122,0
./input/helmet/xml_images/nohat_104.jpg 878,635,899,655,0
./input/helmet/xml_images/nohat_16.jpg
./input/helmet/xml_images/65.jpg 288,547,382,611,0 471,492,563,555,0 627,486,698,549,0 683,389,824,520,0
./input/helmet/xml_images/191.jpg 149,28,234,93,0 326,39,391,87,0 507,27,574,80,0 692,13,758,64,0 817,43,888,84,0
./input/helmet/xml_images/329.jpg 776,1285,979,1471,0 837,726,922,879,0 824,243,941,464,0 762,517,875,684,0
./input/helmet/xml_images/309.jpg 168,451,305,555,0 342,373,526,529,0 664,453,782,542,0 805,443,966,571,0
./input/helmet/xml_images/230.jpg 740,52,781,114,0 737,219,776,274,0 750,310,798,369,0 713,446,764,503,0 739,592,780,651,0 752,762,800,827,0 757,898,804,967,0
./input/helmet/xml_images/28.jpg 83,892,160,959,0 396,864,442,895,0 468,893,511,926,0 543,875,591,908,0 652,908,706,948,0 754,892,817,931,0 861,853,923,900,0
./input/helmet/xml_images/556.jpg 306,184,401,242,0 425,190,500,241,0 527,203,595,245,0 753,199,850,261,0
./input/helmet/xml_images/231.jpg 33,415,172,492,0 305,524,361,570,0 424,540,478,581,0 517,571,580,625,0 623,551,699,603,0 750,562,838,618,0 964,592,1024,657,0
./input/helmet/xml_images/305.jpg 131,519,276,625,0 345,557,471,654,0 532,570,648,649,0 655,485,815,649,0
./input/helmet/xml_images/279.jpg 834,538,902,589,0 671,585,736,631,0 629,629,697,681,0 499,613,573,668,0 398,634,456,677,0 263,652,331,697,0 147,640,219,687,0 28,582,145,666,0
./input/helmet/xml_images/284.jpg 1,433,149,578,0 197,614,269,672,0 324,611,419,678,0 467,636,559,700,0 714,642,832,720,0 932,632,1024,717,0
./input/helmet/xml_images/365.jpg 163,41,266,117,0 322,75,381,107,0 412,52,470,83,0 504,45,568,89,0 641,28,704,75,0 757,44,832,97,0
./input/helmet/xml_images/48.jpg 133,107,336,267,0 523,150,622,209,0 628,150,729,220,0 791,172,915,264,0 510,150,530,171,0
./input/helmet/xml_images/481.jpg 176,445,259,499,0 349,416,388,442,0 405,443,449,471,0 500,442,554,479,0 560,456,613,494,0 645,433,710,485,0 721,423,810,479,0
./input/helmet/xml_images/228.jpg 57,481,150,544,0 245,431,334,504,0 390,427,467,487,0 529,437,605,487,0 648,427,715,489,0 864,401,965,494,0
./input/helmet/xml_images/494.jpg 629,899,693,987,0 654,693,712,785,0 716,1251,809,1396,0 573,310,733,503,0
./input/helmet/xml_images/437.jpg 738,109,903,349,0 773,588,912,780,0 814,859,910,1015,0 718,1417,874,1690,0
./input/helmet/xml_images/91.jpg 22,378,159,506,0 484,483,549,533,0 565,473,642,531,0 692,462,788,533,0 853,431,965,518,0
./input/helmet/xml_images/507.jpg 27,301,129,363,0 190,301,263,353,0 314,325,377,364,0 378,312,440,354,0 501,259,593,367,0 642,273,742,333,0
./input/helmet/xml_images/260.jpg 3,721,95,780,0 181,714,262,775,0 410,756,484,813,0 610,717,684,776,0 754,738,819,796,0 960,691,1024,773,0
./input/helmet/xml_images/nohat_21.jpg
./input/helmet/xml_images/488.jpg 34,318,138,386,0 189,347,281,414,0 305,390,380,447,0 442,353,515,404,0 558,362,624,418,0 767,295,908,419,0
./input/helmet/xml_images/nohat_69.jpg 393,166,414,183,0 494,168,515,183,0 482,173,497,188,0
./input/helmet/xml_images/137.jpg 729,235,889,509,0 712,573,841,772,0 787,682,874,834,0 734,880,817,996,0 863,1297,970,1477,0
./input/helmet/xml_images/410.jpg 733,1011,864,1235,0 635,939,692,1020,0 621,855,682,939,0 628,700,709,786,0 640,596,698,659,0 626,514,697,602,0 642,422,693,501,0 694,240,765,337,0 682,1,743,78,0
./input/helmet/xml_images/390.jpg 649,569,808,394,0 654,800,724,705,0 689,1024,761,923,0 697,1236,809,1382,0
./input/helmet/xml_images/407.jpg 177,54,238,100,0 326,46,382,93,0 700,1,792,54,0 506,9,554,44,0
./input/helmet/xml_images/helmet1_29.jpg 83,11,139,54,0
./input/helmet/xml_images/362.jpg 744,617,793,693,0 722,489,759,535,0 748,423,781,472,0 715,370,755,425,0 723,303,766,358,0 723,165,766,231,0 762,59,810,137,0
./input/helmet/xml_images/43.jpg 749,85,841,149,0 688,115,736,151,0 540,83,587,118,0 424,105,474,143,0 312,62,365,113,0 141,30,252,91,0
./input/helmet/xml_images/483.jpg 178,82,287,174,0 315,114,410,170,0 381,139,449,191,0 477,99,531,143,0 550,128,604,163,0 640,148,689,186,0 745,38,838,116,0
./input/helmet/xml_images/340.jpg 725,1211,829,1322,0 761,1027,805,1084,0 763,965,812,1042,0 749,904,807,976,0 748,854,806,923,0 768,763,840,865,0 750,644,833,767,0 766,491,865,631,0 736,226,865,422,0
./input/helmet/xml_images/169.jpg 72,453,180,529,0 362,481,461,552,0 613,507,725,592,0 888,433,1018,525,0
./input/helmet/xml_images/421.jpg 714,28,865,287,0 718,548,803,674,0 771,712,842,810,0 718,833,795,937,0 741,900,809,989,0 738,1052,827,1172,0 741,1184,812,1282,0 781,1423,883,1560,0
./input/helmet/xml_images/helmet1_99.jpg 474,172,521,210,0
./input/helmet/xml_images/95.jpg 138,477,224,534,0 222,473,318,545,0 339,479,417,533,0 450,501,524,551,0 743,457,844,537,0 562,531,620,572,0 628,515,678,554,0 414,518,458,556,0 312,487,352,535,0 509,510,546,541,0
./input/helmet/xml_images/344.jpg 161,631,267,735,0 539,631,623,687,0 598,654,685,714,0 662,621,772,704,0 754,640,870,720,0
./input/helmet/xml_images/377.jpg 283,127,375,257,0 296,218,362,284,0 209,324,285,424,0 293,445,357,519,0 245,511,301,586,0 225,661,280,729,0 163,974,293,1115,0
./input/helmet/xml_images/353.jpg 728,43,815,179,0 705,230,771,329,0 674,332,721,415,0 749,785,830,893,0
./input/helmet/xml_images/293.jpg 300,763,365,863,0 272,951,343,1055,0 214,1087,295,1212,0 250,1211,342,1360,0 193,160,295,333,0
./input/helmet/xml_images/236.jpg 201,249,268,296,0 253,257,304,294,0 388,227,417,251,0 417,239,446,261,0 479,230,519,257,0 532,239,572,269,0 581,237,623,274,0 620,247,670,281,0 445,235,476,264,0 768,232,826,271,0 922,218,997,265,0
./input/helmet/xml_images/515.jpg 92,95,197,157,0 287,125,371,193,0 404,129,478,185,0 515,154,566,192,0 565,152,611,192,0 618,146,666,180,0 671,62,796,189,0
./input/helmet/xml_images/504.jpg 26,376,135,462,0 271,385,368,459,0 496,376,592,455,0 625,363,714,432,0 829,241,1023,401,0
./input/helmet/xml_images/helmet1_37.jpg 78,152,125,186,0 225,143,267,171,0 367,165,407,192,0 496,179,540,208,0
./input/helmet/xml_images/442.jpg 314,118,381,215,0 362,311,425,391,0 362,455,433,526,0 271,739,347,838,0 312,900,393,1033,0
./input/helmet/xml_images/546.jpg 238,93,322,169,0 521,93,565,131,0 612,92,668,131,0 727,125,785,166,0
./input/helmet/xml_images/99.jpg 598,516,638,581,0 618,570,673,633,0 593,647,634,711,0 598,711,656,782,0 609,787,683,881,0 641,888,731,1013,0 510,155,593,289,0 542,252,622,339,0
./input/helmet/xml_images/helmet1_4.jpg 143,49,289,166,0 338,91,455,177,0 477,149,544,202,0 615,146,678,196,0 720,123,818,196,0
./input/helmet/xml_images/27.jpg 216,563,307,612,0 376,583,423,614,0 454,569,502,606,0 571,563,636,604,0 670,555,744,599,0
./input/helmet/xml_images/nohat_73.jpg
./input/helmet/xml_images/287.jpg 141,351,212,396,0 310,405,376,452,0 498,387,555,428,0 616,393,674,435,0 721,324,828,424,0
./input/helmet/xml_images/helmet1_44.jpg 195,1,365,93,0
./input/helmet/xml_images/87.jpg 710,1,885,94,0 645,318,694,376,0 664,451,712,513,0 691,508,728,563,0 672,595,721,666,0 703,636,743,686,0 681,800,734,877,0 706,785,747,835,0
./input/helmet/xml_images/544.jpg 61,278,172,393,0 300,333,370,409,0 447,323,515,376,0 569,283,663,350,0
./input/helmet/xml_images/324.jpg 32,461,149,534,0 225,462,328,532,0 408,471,504,536,0 542,457,620,525,0 773,368,964,520,0
./input/helmet/xml_images/310.jpg 167,580,352,713,0 404,577,539,674,0 622,577,725,655,0 849,480,1024,651,0
./input/helmet/xml_images/nohat_37.jpg
./input/helmet/xml_images/263.jpg 695,972,778,1107,0 672,788,709,842,0 710,650,756,714,0 689,527,737,584,0 689,410,734,477,0 658,269,713,348,0
./input/helmet/xml_images/nohat_35.jpg
./input/helmet/xml_images/78.jpg 906,334,1024,460,0 694,539,824,640,0 356,566,460,654,0 47,636,172,710,0
./input/helmet/xml_images/470.jpg 225,225,298,280,0 273,145,427,277,0 443,235,528,296,0 745,169,845,250,0
./input/helmet/xml_images/31.jpg 560,443,619,515,0 582,537,630,612,0 536,642,592,719,0 535,718,582,789,0 542,869,615,959,0 488,1012,562,1116,0 584,1248,656,1364,0
./input/helmet/xml_images/277.jpg 214,311,330,401,0 439,361,537,438,0 560,331,654,406,0 730,334,822,406,0 826,337,935,420,0 1,267,66,364,0
./input/helmet/xml_images/480.jpg 632,231,769,317,0 491,249,553,300,0 320,292,391,355,0 136,289,215,349,0
./input/helmet/xml_images/212.jpg 727,312,807,386,0 496,310,548,351,0 207,282,293,370,0 308,286,383,340,0 386,298,451,346,0 442,316,489,359,0
./input/helmet/xml_images/342.jpg 808,448,986,560,0 646,501,779,594,0 526,478,644,556,0 107,507,265,674,0
./input/helmet/xml_images/254.jpg 640,121,731,258,0 657,314,728,401,0 672,543,734,635,0 611,702,677,776,0 675,773,715,835,0 714,960,811,1078,0
./input/helmet/xml_images/560.jpg 669,107,809,312,0 642,505,688,578,0 626,614,675,685,0 603,693,661,775,0 582,791,639,872,0 607,966,673,1054,0 601,1193,668,1288,0
./input/helmet/xml_images/288.jpg 144,293,230,349,0 297,343,364,392,0 425,331,485,381,0 554,341,617,391,0 709,305,817,414,0
./input/helmet/xml_images/276.jpg 137,377,261,460,0 391,446,448,490,0 548,415,609,463,0 691,418,761,462,0 825,436,918,497,0
./input/helmet/xml_images/helmet1_30.jpg 590,94,732,215,0
./input/helmet/xml_images/nohat_27.jpg
./input/helmet/xml_images/nohat_99.jpg
./input/helmet/xml_images/nohat_59.jpg
./input/helmet/xml_images/164.jpg 149,85,218,135,0 322,83,382,136,0 468,86,527,139,0 612,78,667,124,0 648,1,810,43,0
./input/helmet/xml_images/224.jpg 1,529,81,582,0 98,467,170,512,0 191,457,278,519,0 282,488,360,545,0 365,472,431,515,0 71,538,169,597,0
./input/helmet/xml_images/259.jpg 42,429,246,592,0 492,526,584,594,0 625,551,739,627,0 922,537,1024,624,0
./input/helmet/xml_images/423.jpg 782,253,852,345,0 805,533,866,611,0 800,846,853,914,0 767,1262,812,1337,0 824,1120,925,1244,0 814,1075,862,1126,0
./input/helmet/xml_images/155.jpg 54,326,145,395,0 248,355,335,417,0 420,343,513,405,0 612,336,704,406,0
./input/helmet/xml_images/427.jpg 182,264,310,356,0 561,285,643,347,0 654,251,738,326,0 735,209,857,290,0
./input/helmet/xml_images/133.jpg 67,266,143,310,0 426,259,463,287,0 463,260,501,287,0 514,277,556,306,0 564,265,617,317,0 654,240,718,279,0 768,214,846,263,0 855,180,952,242,0
./input/helmet/xml_images/nohat_9.jpg
./input/helmet/xml_images/525.jpg 126,42,189,97,0 301,60,353,101,0 356,59,407,91,0 469,63,513,103,0 511,76,539,105,0 595,83,630,110,0 704,67,740,95,0 881,38,967,97,0
./input/helmet/xml_images/432.jpg 107,494,216,576,0 495,538,551,579,0 575,554,633,598,0 622,554,692,607,0 675,565,770,624,0 833,587,941,673,0
./input/helmet/xml_images/158.jpg 14,356,101,426,0 216,344,302,409,0 416,407,492,465,0 666,323,763,382,0
./input/helmet/xml_images/265.jpg 686,568,719,618,0 689,617,730,670,0 683,663,725,722,0 670,711,721,786,0 681,812,745,906,0 658,944,736,1061,0 628,75,688,188,0
./input/helmet/xml_images/314.jpg 291,203,373,269,0 464,276,516,309,0 530,261,581,298,0 622,257,692,302,0 706,246,786,296,0
./input/helmet/xml_images/141.jpg 672,390,828,616,0 638,702,699,789,0 642,830,712,919,0 699,1029,774,1119,0 706,1217,791,1332,0
./input/helmet/xml_images/helmet1_52.jpg 119,11,345,190,0 592,5,823,193,0
./input/helmet/xml_images/142.jpg 694,60,782,151,0 558,87,612,131,0 450,105,513,154,0 355,90,429,139,0 227,92,305,146,0
./input/helmet/xml_images/274.jpg 614,892,671,968,0 598,723,651,793,0 643,515,685,577,0 609,643,661,702,0 623,448,657,497,0 654,68,739,205,0
./input/helmet/xml_images/26.jpg 666,807,753,923,0 670,1060,761,1189,0 694,1308,786,1440,0 743,483,834,607,0 660,73,758,240,0
./input/helmet/xml_images/227.jpg 615,160,683,277,0 647,435,715,539,0 648,803,725,921,0
./input/helmet/xml_images/nohat_83.jpg
./input/helmet/xml_images/543.jpg 53,275,171,393,0 304,335,370,409,0 443,324,513,381,0 572,282,666,351,0
./input/helmet/xml_images/67.jpg 256,53,335,106,0 331,26,398,81,0 561,38,642,85,0 658,65,698,103,0 672,66,733,104,0
./input/helmet/xml_images/nohat_91.jpg
./input/helmet/xml_images/nohat_23.jpg 284,371,315,391,0
./input/helmet/xml_images/531.jpg 676,638,739,716,0 726,743,804,846,0 750,898,852,1022,0 710,1067,822,1235,0 716,1307,854,1492,0 695,107,899,351,0
./input/helmet/xml_images/helmet1_62.jpg 222,22,449,176,0
./input/helmet/xml_images/nohat_89.jpg
./input/helmet/xml_images/39.jpg 657,356,722,451,0 636,595,705,681,0 638,690,691,758,0 667,781,738,926,0 636,1141,838,1421,0
./input/helmet/xml_images/helmet1_36.jpg 4,101,287,296,0
./input/helmet/xml_images/355.jpg 162,37,270,105,0 285,88,364,147,0 392,77,454,119,0 762,105,823,146,0 808,68,897,122,0
./input/helmet/xml_images/helmet1_67.jpg 123,45,147,66,0 164,22,211,63,0
./input/helmet/xml_images/114.jpg 80,32,167,87,0 234,83,301,128,0 346,87,407,127,0 470,59,522,105,0 558,85,606,121,0 665,57,748,113,0
./input/helmet/xml_images/35.jpg 848,1,942,44,0 655,56,712,107,0 563,55,622,98,0 505,56,560,96,0 449,79,497,114,0 393,73,431,104,0 136,99,231,162,0
./input/helmet/xml_images/173.jpg 193,247,349,351,0 393,269,507,361,0 735,241,894,361,0 915,317,1006,396,0
./input/helmet/xml_images/75.jpg 90,371,223,455,0 38,496,92,530,0 550,468,612,508,0 641,440,705,491,0 722,448,799,515,0 917,406,1019,492,0
./input/helmet/xml_images/250.jpg 715,109,772,203,0 680,396,727,469,0 680,534,725,599,0 718,644,756,697,0 732,970,865,1111,0
./input/helmet/xml_images/477.jpg 297,314,380,379,0 480,349,557,417,0 654,337,715,397,0 698,305,830,413,0
./input/helmet/xml_images/42.jpg 696,69,765,119,0 541,108,600,155,0 392,77,448,119,0 221,53,330,106,0 98,9,215,110,0
./input/helmet/xml_images/491.jpg 690,1340,840,1593,0 659,885,713,965,0 634,721,700,812,0 649,526,719,625,0 615,269,699,408,0
./input/helmet/xml_images/helmet1_7.jpg 168,77,267,173,0 337,101,436,191,0
./input/helmet/xml_images/318.jpg 16,201,93,249,0 296,270,327,291,0 331,250,361,271,0 343,258,383,282,0 395,247,431,273,0 845,255,902,288,0 744,263,795,298,0 717,250,765,277,0 628,241,671,273,0 581,251,615,277,0 534,260,577,288,0 479,250,511,271,0 445,264,484,290,0 427,256,453,278,0 661,259,688,287,0
./input/helmet/xml_images/nohat_49.jpg
./input/helmet/xml_images/nohat_66.jpg
./input/helmet/xml_images/122.jpg 221,334,269,369,0 355,340,402,385,0 456,340,501,380,0 516,341,593,424,0 591,312,635,345,0 763,306,812,349,0
./input/helmet/xml_images/456.jpg 696,542,727,584,0 692,717,722,762,0 710,890,740,931,0 687,62,718,116,0 679,228,710,276,0 700,378,728,423,0 652,1032,727,1108,0
./input/helmet/xml_images/63.jpg 232,471,335,544,0 355,536,423,583,0 446,574,517,622,0 521,559,600,613,0 637,550,733,608,0 932,470,1024,540,0
./input/helmet/xml_images/452.jpg 559,121,664,244,0 622,599,664,649,0 640,758,687,827,0 634,958,698,1059,0
./input/helmet/xml_images/443.jpg 230,603,304,651,0 352,590,416,631,0 495,602,545,645,0 629,569,675,604,0 777,587,855,663,0
./input/helmet/xml_images/60.jpg 314,237,392,295,0 457,232,522,288,0 524,236,586,275,0 605,232,659,273,0 699,219,803,297,0
./input/helmet/xml_images/425.jpg 274,175,393,277,0 429,225,505,285,0 666,239,743,294,0
./input/helmet/xml_images/464.jpg 661,1044,738,1155,0 694,874,763,958,0 694,680,749,750,0 680,567,718,620,0 688,611,736,670,0 682,521,724,572,0 702,465,735,514,0 707,426,735,462,0 695,170,763,268,0
./input/helmet/xml_images/360.jpg 855,363,935,421,0 719,377,793,430,0 595,403,665,453,0 479,396,543,441,0 415,406,472,450,0 326,423,377,460,0 97,347,192,424,0
./input/helmet/xml_images/541.jpg 139,35,211,89,0 480,50,523,80,0 532,43,581,80,0 571,29,629,70,0 654,1,713,29,0 769,1,863,51,0
./input/helmet/xml_images/286.jpg 120,392,216,462,0 285,413,362,477,0 425,394,498,449,0 620,281,769,432,0
./input/helmet/xml_images/267.jpg 333,371,411,466,0 307,499,355,558,0 347,611,394,682,0 307,733,366,802,0 251,864,316,941,0
./input/helmet/xml_images/356.jpg 281,155,376,215,0 463,137,523,186,0 571,144,627,184,0 745,104,860,175,0
./input/helmet/xml_images/146.jpg 70,56,117,86,0 210,40,256,71,0 314,65,353,95,0 379,63,416,88,0 465,57,501,90,0 586,58,617,79,0 713,1,817,44,0 497,65,516,93,0
./input/helmet/xml_images/7.jpg 782,160,917,258,0 673,177,730,219,0 585,162,654,208,0 487,155,559,208,0 356,131,438,194,0 195,120,283,191,0
./input/helmet/xml_images/166.jpg 858,432,984,344,0 560,545,683,458,0 303,554,411,471,0 34,637,145,564,0
./input/helmet/xml_images/nohat_4.jpg
./input/helmet/xml_images/350.jpg 188,408,243,455,0 258,393,307,432,0 316,381,362,415,0 386,340,428,374,0 448,331,486,361,0 587,226,643,288,0
./input/helmet/xml_images/50.jpg 676,247,740,341,0 681,568,735,639,0 700,673,771,759,0 648,755,727,859,0 668,855,752,964,0
./input/helmet/xml_images/327.jpg 60,653,224,769,0 309,706,461,809,0 624,567,840,763,0 841,675,961,765,0 617,754,687,814,0
./input/helmet/xml_images/98.jpg 8,118,132,197,0 205,44,309,120,0 449,115,528,184,0 596,135,669,186,0 873,64,1001,167,0
./input/helmet/xml_images/73.jpg 886,704,1024,854,0 477,722,572,803,0 339,716,428,804,0 144,677,258,749,0
./input/helmet/xml_images/345.jpg 658,515,796,752,0 660,902,737,1023,0 674,1017,775,1144,0 673,1166,788,1331,0 613,1377,733,1570,0
./input/helmet/xml_images/524.jpg 126,41,188,93,0 299,60,352,102,0 356,59,405,91,0 467,64,515,105,0 506,76,538,104,0 595,83,630,113,0 702,68,740,94,0 881,39,968,94,0
./input/helmet/xml_images/385.jpg 223,307,323,420,0 363,367,420,412,0 504,326,565,378,0 619,332,684,386,0 764,301,833,360,0
./input/helmet/xml_images/472.jpg 128,138,234,212,0 361,186,455,257,0 565,173,646,236,0 643,72,834,201,0
./input/helmet/xml_images/433.jpg 234,175,296,221,0 385,170,442,215,0 520,167,574,209,0 564,101,682,193,0 850,76,958,152,0
./input/helmet/xml_images/157.jpg 177,1,317,72,0 363,15,415,49,0 479,36,532,81,0 545,45,591,81,0 592,31,639,71,0 625,37,677,72,0 707,7,762,49,0
./input/helmet/xml_images/219.jpg 215,196,284,244,0 362,191,432,243,0 537,194,597,237,0 689,167,756,213,0 846,196,920,243,0
./input/helmet/xml_images/479.jpg 196,145,280,213,0 287,181,342,218,0 490,171,542,215,0 727,117,784,162,0
./input/helmet/xml_images/445.jpg 62,230,149,291,0 84,179,153,218,0 190,206,250,248,0 243,233,286,269,0 318,223,368,256,0 372,215,415,247,0 509,221,549,253,0 580,239,616,267,0 813,178,915,275,0
./input/helmet/xml_images/69.jpg 829,357,963,466,0 245,435,374,519,0 97,293,282,433,0 1,320,165,471,0
./input/helmet/xml_images/517.jpg 352,144,396,174,0 436,121,488,158,0 491,102,550,144,0 561,102,626,176,0 767,89,853,152,0 96,99,164,152,0
./input/helmet/xml_images/helmet1_38.jpg 66,118,134,177,0 181,81,292,177,0 331,160,397,212,0 480,127,570,210,0
./input/helmet/xml_images/210.jpg 504,1629,628,1832,0 506,1385,620,1547,0 567,1158,645,1260,0 565,901,651,994,0 533,671,603,757,0 537,453,620,541,0 503,251,675,473,0
./input/helmet/xml_images/nohat_28.jpg
./input/helmet/xml_images/helmet1_19.jpg 328,38,677,280,0
./input/helmet/xml_images/helmet1_98.jpg 372,135,444,223,0 308,269,402,326,0 584,199,708,282,0 493,80,570,162,0
./input/helmet/xml_images/nohat_43.jpg
./input/helmet/xml_images/helmet1_81.jpg 293,112,322,147,0
./input/helmet/xml_images/269.jpg 739,230,813,336,0 653,469,718,565,0 667,692,731,766,0 656,880,779,1060,0 721,864,770,926,0
./input/helmet/xml_images/helmet1_122.jpg 206,174,314,267,0
./input/helmet/xml_images/helmet1_17.jpg 24,26,398,291,0
./input/helmet/xml_images/545.jpg 691,116,780,258,0 654,430,723,552,0 644,656,708,749,0 611,792,671,876,0 625,915,681,998,0 657,1266,769,1375,0
./input/helmet/xml_images/547.jpg 74,434,140,491,0 339,427,385,461,0 397,427,442,460,0 454,436,504,473,0 505,417,570,462,0 585,400,658,444,0
./input/helmet/xml_images/174.jpg 168,92,306,215,0 428,127,519,200,0 609,90,718,189,0
./input/helmet/xml_images/helmet1_64.jpg 183,92,234,142,0
./input/helmet/xml_images/helmet1_22.jpg 74,71,279,218,0
./input/helmet/xml_images/helmet1_84.jpg 175,84,224,120,0 395,112,440,149,0
./input/helmet/xml_images/272.jpg 717,852,788,967,0 709,749,773,839,0 746,652,797,734,0 702,576,753,643,0 672,156,769,297,0
./input/helmet/xml_images/119.jpg 898,80,978,134,0 669,120,734,177,0 501,82,608,175,0 347,94,408,146,0 166,97,283,195,0
./input/helmet/xml_images/413.jpg 663,529,704,571,0 626,212,656,265,0 633,281,662,319,0 655,327,679,364,0 645,371,668,406,0 649,405,671,433,0
./input/helmet/xml_images/282.jpg 626,72,769,253,0 670,256,734,344,0 663,354,729,432,0 662,602,715,673,0 666,776,730,868,0 726,888,809,999,0
./input/helmet/xml_images/70.jpg 954,632,1022,731,0 806,632,922,734,0 727,662,815,724,0 603,612,688,676,0 496,590,576,664,0 1,634,50,731,0
./input/helmet/xml_images/163.jpg 1,588,58,671,0 181,604,298,690,0 389,553,498,640,0 572,500,691,582,0 753,536,842,606,0 889,440,1024,645,0
./input/helmet/xml_images/helmet1_26.jpg 153,45,311,156,0
./input/helmet/xml_images/108.jpg 694,370,812,521,0 692,545,759,657,0 681,713,772,829,0 701,868,776,994,0 704,1122,801,1250,0 696,1328,772,1445,0 651,1470,747,1618,0 684,1565,774,1667,0
./input/helmet/xml_images/nohat_75.jpg
./input/helmet/xml_images/326.jpg 105,357,274,506,0 385,431,465,485,0 499,433,588,506,0 613,450,721,530,0 893,447,1022,545,0
./input/helmet/xml_images/59.jpg 137,545,235,619,0 370,596,458,655,0 576,550,664,611,0 767,588,854,651,0 837,486,1012,623,0
./input/helmet/xml_images/297.jpg 830,517,953,603,0 508,575,556,612,0 458,548,516,593,0 368,591,428,630,0 286,576,340,614,0 217,565,292,625,0 138,557,214,614,0 5,543,105,612,0
./input/helmet/xml_images/172.jpg 562,1201,639,1319,0 649,1,743,84,0 679,305,752,408,0 656,520,719,608,0 606,915,652,983,0 595,718,655,805,0
./input/helmet/xml_images/127.jpg 109,694,184,750,0 296,721,365,775,0 457,712,521,760,0 601,695,665,742,0 713,709,814,793,0
./input/helmet/xml_images/273.jpg 633,979,768,1151,0 716,528,786,623,0 724,376,789,491,0 670,246,779,379,0 688,37,822,217,0
./input/helmet/xml_images/147.jpg 733,1238,845,1411,0 752,772,825,865,0 804,717,903,820,0 816,535,915,679,0 676,320,823,488,0 799,124,941,371,0
./input/helmet/xml_images/85.jpg 736,45,838,176,0 738,172,782,211,0 713,236,754,292,0 717,298,773,370,0 728,367,769,425,0 755,456,807,535,0 714,517,756,567,0 709,585,774,679,0 745,691,793,766,0 719,825,781,913,0
./input/helmet/xml_images/nohat_17.jpg
./input/helmet/xml_images/319.jpg 1,155,46,203,0 296,224,330,252,0 351,237,380,262,0 377,227,412,254,0 416,244,446,265,0 453,230,493,256,0 534,232,567,261,0 564,233,600,259,0 600,236,635,263,0 667,224,703,252,0 679,240,722,272,0 746,211,787,239,0
./input/helmet/xml_images/201.jpg 467,77,525,173,0 509,265,565,349,0 505,457,561,529,0 499,689,564,791,0
./input/helmet/xml_images/15.jpg 707,1,771,65,0 706,187,775,288,0 708,380,772,473,0 642,511,700,586,0 628,659,682,734,0 564,797,720,959,0
./input/helmet/xml_images/528.jpg 244,27,304,72,0 440,34,485,69,0 662,64,700,95,0 711,3,807,92,0
./input/helmet/xml_images/242.jpg 309,771,369,864,0 319,590,373,661,0 311,466,362,529,0 326,351,376,413,0 324,218,373,280,0 330,109,377,167,0
./input/helmet/xml_images/170.jpg 665,464,713,524,0 638,632,693,697,0 585,790,643,862,0
./input/helmet/xml_images/558.jpg 547,78,597,154,0 540,266,586,340,0 550,494,623,593,0 574,470,619,517,0 561,647,600,706,0 579,784,629,845,0 596,898,640,960,0 585,1052,625,1104,0
./input/helmet/xml_images/187.jpg 9,30,75,80,0 164,22,242,75,0 312,1,383,45,0 544,38,625,91,0 743,23,861,90,0
./input/helmet/xml_images/helmet1_58.jpg 70,1,134,49,0 196,74,237,102,0 255,90,281,111,0 308,117,327,132,0 327,127,343,141,0 343,132,355,142,0 370,133,383,144,0 387,137,399,146,0 408,141,421,150,0 432,142,441,149,0
./input/helmet/xml_images/538.jpg 136,26,194,71,0 259,27,313,69,0 387,45,434,88,0 502,76,552,116,0 603,88,651,124,0 696,89,747,124,0 758,65,872,135,0
./input/helmet/xml_images/nohat_102.jpg
./input/helmet/xml_images/190.jpg 204,394,317,471,0 468,378,540,437,0 588,395,660,450,0 714,379,809,435,0
./input/helmet/xml_images/nohat_76.jpg
./input/helmet/xml_images/123.jpg 798,423,906,592,0 793,1214,895,1331,0 840,1314,927,1453,0 830,1404,929,1565,0 769,1476,931,1726,0
./input/helmet/xml_images/58.jpg 137,544,234,617,0 369,592,455,655,0 578,550,665,616,0 763,586,854,650,0 837,482,1014,621,0
./input/helmet/xml_images/278.jpg 54,111,258,252,0 310,291,363,334,0 410,273,470,318,0 521,301,590,345,0 634,285,694,325,0 769,280,854,323,0 966,297,1024,350,0
./input/helmet/xml_images/500.jpg 54,462,259,593,0 458,565,556,638,0 578,565,670,640,0 769,521,890,604,0
./input/helmet/xml_images/23.jpg 641,668,707,766,0 639,947,728,1070,0 663,394,728,496,0 644,172,707,269,0
./input/helmet/xml_images/helmet1_48.jpg 14,160,50,185,0 164,133,206,170,0 299,140,342,173,0 375,130,416,161,0 511,124,561,163,0 348,181,365,195,0 352,134,363,143,0
./input/helmet/xml_images/361.jpg 94,161,191,228,0 286,140,372,200,0 418,184,481,238,0 554,186,620,244,0 698,154,759,198,0 811,76,925,158,0
./input/helmet/xml_images/nohat_15.jpg
./input/helmet/xml_images/nohat_44.jpg
./input/helmet/xml_images/388.jpg 147,487,327,628,0 439,502,528,576,0 508,493,635,588,0 637,575,779,661,0 870,405,1024,533,0
./input/helmet/xml_images/71.jpg 911,814,1024,915,0 621,826,694,874,0 509,835,583,891,0 395,831,475,930,0 1,861,91,932,0 162,835,265,925,0
./input/helmet/xml_images/helmet1_12.jpg 51,124,146,189,0 156,85,253,154,0 306,53,412,135,0
./input/helmet/xml_images/330.jpg 1,672,73,767,0 220,709,275,780,0 332,707,398,758,0 393,694,465,747,0 449,672,534,740,0 520,671,618,738,0 610,658,722,733,0 727,673,858,750,0 859,622,1018,711,0
./input/helmet/xml_images/247.jpg 245,494,325,547,0 389,520,461,572,0 486,490,538,533,0 643,435,741,517,0
./input/helmet/xml_images/104.jpg 570,355,663,492,0 560,270,620,362,0 499,491,547,542,0 495,533,539,593,0 525,584,566,647,0 537,654,584,707,0 535,688,583,756,0 533,734,582,827,0 550,841,612,963,0 564,1027,644,1182,0
./input/helmet/xml_images/nohat_95.jpg
./input/helmet/xml_images/290.jpg 241,375,357,490,0 313,367,402,428,0 386,375,479,442,0 416,336,496,389,0 864,326,954,421,0
./input/helmet/xml_images/471.jpg 246,207,385,308,0 407,260,478,321,0 565,263,640,323,0 770,202,870,283,0
./input/helmet/xml_images/helmet1_101.jpg 1,1,183,83,0 417,72,716,255,0
./input/helmet/xml_images/nohat_96.jpg
./input/helmet/xml_images/218.jpg 583,719,653,823,0 546,165,616,284,0 590,481,671,587,0 555,948,629,1062,0
./input/helmet/xml_images/helmet1_80.jpg 102,144,141,178,0 185,114,213,142,0 245,116,263,129,0 264,127,287,149,0 276,118,291,127,0 363,133,384,149,0 488,134,506,153,0
./input/helmet/xml_images/240.jpg 121,467,285,575,0 253,465,384,562,0 393,459,491,535,0 718,430,868,544,0
./input/helmet/xml_images/451.jpg 613,1058,707,1199,0 599,851,709,1000,0 594,809,641,865,0 602,711,652,788,0 627,599,681,680,0 631,442,689,538,0 579,238,663,360,0 581,1,678,135,0
./input/helmet/xml_images/179.jpg 769,1,904,74,0 578,56,618,84,0 511,28,561,61,0 417,50,454,84,0 370,34,424,78,0 303,41,353,81,0 242,34,301,75,0
./input/helmet/xml_images/540.jpg 46,707,184,815,0 358,697,429,751,0 537,689,613,740,0 696,727,775,787,0 835,673,928,734,0
./input/helmet/xml_images/nohat_60.jpg 394,166,415,181,0 494,167,516,185,0 482,172,497,189,0
./input/helmet/xml_images/helmet1_60.jpg 95,55,149,119,0 228,35,264,74,0 189,57,218,88,0 356,92,367,104,0 136,60,158,100,0
./input/helmet/xml_images/359.jpg 99,203,169,248,0 230,219,292,257,0 302,208,347,248,0 368,204,414,242,0 450,228,491,259,0 782,173,858,232,0
./input/helmet/xml_images/478.jpg 159,297,251,369,0 325,332,403,402,0 480,323,558,374,0 648,277,789,391,0
./input/helmet/xml_images/126.jpg 144,515,270,591,0 430,533,483,573,0 541,530,598,567,0 654,543,720,604,0 790,556,873,616,0
./input/helmet/xml_images/542.jpg 685,455,752,567,0 621,555,707,627,0 677,624,738,702,0 663,705,711,780,0 647,793,692,863,0 688,860,740,935,0 630,760,664,801,0 682,1122,744,1207,0 730,1197,819,1346,0
./input/helmet/xml_images/275.jpg 565,53,686,256,0 594,279,637,336,0 627,401,668,466,0 648,501,697,569,0 697,670,746,748,0 637,846,689,915,0 719,1049,775,1130,0
./input/helmet/xml_images/195.jpg 615,1018,659,1085,0 616,876,663,942,0 644,747,690,808,0 606,620,650,684,0 631,470,684,539,0 614,296,662,374,0 592,115,665,206,0
./input/helmet/xml_images/nohat_45.jpg
./input/helmet/xml_images/177.jpg 693,754,779,872,0 719,651,774,729,0 715,592,762,653,0 770,523,830,600,0 745,287,813,382,0 729,417,773,487,0
./input/helmet/xml_images/115.jpg 80,33,165,86,0 234,82,302,130,0 346,88,405,127,0 469,60,523,104,0 558,85,604,122,0 666,58,747,113,0
./input/helmet/xml_images/375.jpg 218,387,275,430,0 357,400,408,437,0 458,413,511,453,0 555,421,602,456,0 674,425,723,459,0 771,413,858,477,0
./input/helmet/xml_images/455.jpg 625,111,691,229,0 585,301,631,380,0 606,402,643,456,0 604,522,635,567,0 631,656,666,701,0 664,881,706,932,0 635,1012,729,1116,0
./input/helmet/xml_images/nohat_61.jpg
./input/helmet/xml_images/321.jpg 15,424,142,538,0 268,515,371,586,0 499,483,598,555,0 686,470,761,533,0 766,377,961,513,0
./input/helmet/xml_images/498.jpg 206,687,253,723,0 275,678,322,712,0 329,685,386,722,0 350,657,391,688,0 385,664,441,698,0 452,676,501,711,0 747,646,798,692,0 776,657,840,693,0
./input/helmet/xml_images/helmet1_24.jpg 80,95,180,168,0 226,108,315,172,0 337,141,424,199,0
./input/helmet/xml_images/80.jpg 797,197,1020,411,0 651,605,793,712,0 324,526,456,631,0 36,529,188,650,0
./input/helmet/xml_images/203.jpg 239,113,298,158,0 288,130,358,181,0 348,117,388,145,0 421,119,467,152,0 488,128,536,159,0 587,99,642,147,0 726,99,792,141,0 833,89,902,133,0
./input/helmet/xml_images/386.jpg 84,507,199,595,0 319,450,418,534,0 461,428,557,507,0 604,461,689,533,0 757,410,901,516,0
./input/helmet/xml_images/251.jpg 661,64,757,194,0 684,398,755,506,0 651,589,708,678,0 624,734,670,813,0 639,863,685,924,0 679,1052,780,1191,0
./input/helmet/xml_images/370.jpg 146,102,255,178,0 296,215,344,249,0 402,224,453,259,0 503,205,559,244,0 655,196,714,235,0 778,209,851,252,0
./input/helmet/xml_images/519.jpg 750,27,827,71,0 673,54,734,95,0 588,52,642,85,0 526,81,566,112,0 103,70,180,135,0
./input/helmet/xml_images/nohat_47.jpg
./input/helmet/xml_images/5.jpg 157,375,286,467,0 541,401,625,464,0 731,403,842,488,0 597,418,697,485,0
./input/helmet/xml_images/453.jpg 167,455,224,495,0 414,466,469,505,0 618,464,669,498,0 743,421,846,529,0
./input/helmet/xml_images/182.jpg 120,420,284,540,0 402,470,509,569,0 637,413,715,509,0 678,258,878,372,0
./input/helmet/xml_images/37.jpg 633,44,852,339,0 683,715,743,794,0 653,872,722,959,0 671,1082,737,1183,0 704,1259,781,1471,0
./input/helmet/xml_images/374.jpg 256,380,326,431,0 433,407,499,458,0 542,426,600,470,0 655,428,712,469,0 721,408,831,488,0
./input/helmet/xml_images/487.jpg 3,418,118,516,0 245,487,299,532,0 306,468,378,517,0 385,466,459,516,0 518,459,598,507,0 576,481,667,552,0 673,481,782,551,0 829,480,940,560,0
./input/helmet/xml_images/512.jpg 62,105,133,146,0 315,121,355,158,0 361,110,408,142,0 462,111,524,158,0 521,77,593,125,0 617,108,707,162,0 812,109,917,180,0
./input/helmet/xml_images/465.jpg 789,71,884,193,0 821,389,851,432,0 823,439,852,484,0 827,490,858,529,0 817,528,851,572,0 841,591,884,646,0 825,665,862,714,0 851,774,897,825,0 860,876,908,946,0 898,1048,956,1126,0
./input/helmet/xml_images/511.jpg 836,119,863,139,0 854,52,948,113,0 668,99,743,152,0 541,69,605,114,0 444,100,501,144,0 360,97,405,136,0 239,1,388,111,0
./input/helmet/xml_images/363.jpg 77,476,173,542,0 478,494,536,541,0 523,504,597,553,0 591,504,668,564,0 668,506,755,578,0 736,516,835,579,0 818,546,927,619,0 931,499,1024,572,0
./input/helmet/xml_images/nohat_98.jpg
./input/helmet/xml_images/401.jpg 649,396,808,571,0 664,704,725,802,0 693,921,761,1026,0 704,1232,810,1387,0
./input/helmet/xml_images/132.jpg 229,213,283,255,0 329,231,380,268,0 413,240,461,277,0 485,246,526,276,0 524,258,557,286,0 563,249,595,273,0 597,270,629,294,0 840,286,897,337,0 984,301,1002,314,0
./input/helmet/xml_images/nohat_50.jpg
./input/helmet/xml_images/368.jpg 676,155,741,251,0 729,482,792,560,0 760,763,817,846,0 722,971,774,1040,0 740,1120,852,1258,0
./input/helmet/xml_images/522.jpg 1,78,87,171,0 337,136,381,168,0 390,125,442,159,0 473,130,532,174,0 614,153,671,193,0 756,147,826,194,0
./input/helmet/xml_images/nohat_101.jpg
./input/helmet/xml_images/helmet1_8.jpg 241,1,349,67,0 399,159,433,184,0 428,164,467,191,0 476,173,500,191,0 109,217,131,233,0 118,208,136,218,0
./input/helmet/xml_images/338.jpg 728,606,756,648,0 687,772,809,891,0 715,1151,780,1234,0 728,1301,800,1420,0 752,1469,856,1610,0
./input/helmet/xml_images/444.jpg 683,189,786,349,0 772,374,869,484,0 696,600,766,693,0 732,837,798,927,0 706,1013,790,1124,0
./input/helmet/xml_images/463.jpg 784,189,862,308,0 763,346,827,446,0 752,462,809,538,0 787,522,832,585,0 781,626,836,712,0 776,710,819,764,0 771,799,830,872,0 757,931,804,993,0 761,1088,895,1250,0
./input/helmet/xml_images/198.jpg 639,506,715,603,0 652,744,723,825,0 668,861,718,942,0 658,328,726,428,0
./input/helmet/xml_images/49.jpg 690,246,778,361,0 692,372,753,461,0 706,441,757,514,0 695,544,739,607,0 726,859,794,942,0
./input/helmet/xml_images/292.jpg 83,391,281,564,0 232,521,306,618,0 432,453,528,530,0 648,521,745,593,0 843,391,950,476,0
./input/helmet/xml_images/200.jpg 672,131,724,215,0 622,352,677,432,0 633,549,695,626,0 647,787,708,864,0 624,925,690,1016,0
./input/helmet/xml_images/514.jpg 47,255,160,310,0 200,265,288,307,0 297,277,360,313,0 349,291,392,317,0 389,281,444,322,0 456,271,503,306,0 510,274,556,311,0 564,280,605,315,0 937,187,1024,250,0 420,273,455,295,0
./input/helmet/xml_images/414.jpg 634,492,681,563,0 638,567,685,631,0 617,634,654,693,0 617,679,652,716,0 619,708,653,754,0 622,759,652,799,0 644,789,671,832,0 642,957,679,1027,0
./input/helmet/xml_images/454.jpg 182,412,258,490,0 339,427,379,457,0 513,448,557,481,0 601,451,651,489,0 767,459,839,502,0
./input/helmet/xml_images/486.jpg 920,524,1024,611,0 705,533,816,625,0 533,574,635,655,0 374,622,474,692,0 171,587,272,650,0 1,484,138,680,0
./input/helmet/xml_images/152.jpg 714,175,768,254,0 751,350,800,417,0 735,496,782,556,0 738,621,783,676,0 692,777,733,837,0 731,813,766,865,0 735,937,808,1033,0
./input/helmet/xml_images/473.jpg 181,271,276,346,0 440,323,530,397,0 642,317,723,375,0 698,224,870,349,0
./input/helmet/xml_images/54.jpg 615,509,743,649,0 691,671,745,752,0 677,793,743,887,0 682,919,746,1025,0 672,1077,756,1207,0
./input/helmet/xml_images/495.jpg 629,900,694,988,0 652,694,711,782,0 717,1252,809,1396,0 581,310,733,496,0
./input/helmet/xml_images/489.jpg 675,353,747,467,0 666,535,729,632,0 637,691,701,780,0 639,810,693,890,0 640,988,693,1066,0 628,1185,760,1372,0
./input/helmet/xml_images/424.jpg 827,174,1005,344,0 495,284,603,377,0 274,327,386,411,0 13,375,122,456,0
./input/helmet/xml_images/helmet1_10.jpg 491,16,708,161,0
./input/helmet/xml_images/helmet1_61.jpg 194,60,219,84,0 296,133,316,154,0 183,171,207,192,0
./input/helmet/xml_images/408.jpg 183,229,226,261,0 297,249,340,281,0 394,249,430,278,0 469,227,507,255,0 553,228,589,256,0 626,220,693,270,0
./input/helmet/xml_images/411.jpg 697,75,744,136,0 677,209,717,268,0 689,345,730,402,0 682,460,722,511,0 688,545,720,591,0 690,623,727,676,0 705,719,737,759,0 711,981,764,1041,0 701,832,739,888,0 719,799,755,840,0
./input/helmet/xml_images/150.jpg 764,221,820,298,0 714,447,761,514,0 696,531,747,601,0 755,579,791,636,0 732,703,772,765,0 722,789,761,845,0 703,993,767,1104,0
./input/helmet/xml_images/14.jpg 826,102,1024,488,0 875,593,994,745,0 759,899,898,1071,0 765,1251,916,1455,0
./input/helmet/xml_images/144.jpg 629,422,678,508,0 653,557,706,635,0 696,1282,761,1368,0 677,1232,710,1279,0 672,1153,712,1205,0 671,1052,707,1106,0 666,966,705,1024,0 661,870,701,930,0 652,779,695,838,0 659,686,706,757,0
./input/helmet/xml_images/493.jpg 144,360,230,437,0 341,369,422,425,0 493,340,574,396,0 649,351,721,407,0 801,329,963,455,0
./input/helmet/xml_images/helmet1_14.jpg 293,16,421,111,0
./input/helmet/xml_images/32.jpg 678,101,746,147,0 541,109,605,159,0 420,76,483,126,0 263,95,329,142,0 173,99,234,141,0 1,1,214,83,0
./input/helmet/xml_images/349.jpg 134,919,202,979,0 298,964,346,998,0 346,934,403,980,0 389,947,455,992,0 461,941,524,990,0 520,950,581,1009,0 593,899,675,956,0 633,966,706,1056,0 745,952,827,1041,0 840,965,949,1040,0
./input/helmet/xml_images/204.jpg 134,20,215,71,0 358,24,422,76,0 544,42,597,85,0 686,51,822,149,0
./input/helmet/xml_images/331.jpg 847,243,919,296,0 683,264,747,308,0 604,275,655,309,0 543,280,591,311,0 464,285,505,315,0 193,253,276,303,0
./input/helmet/xml_images/346.jpg 75,79,133,129,0 200,104,250,145,0 319,78,360,105,0 314,103,362,136,0 425,133,471,167,0 439,77,474,102,0 522,103,572,136,0 540,86,570,105,0 605,110,639,142,0 622,107,668,140,0 682,104,721,135,0 710,104,738,125,0 730,96,777,132,0 767,113,799,142,0 810,36,936,117,0
./input/helmet/xml_images/nohat_79.jpg
./input/helmet/xml_images/9.jpg 655,928,770,1100,0 634,721,729,842,0 628,566,695,658,0 663,497,718,576,0 663,396,719,466,0 665,302,715,371,0 567,139,692,287,0
./input/helmet/xml_images/302.jpg 277,321,401,425,0 421,413,490,463,0 571,361,655,425,0
./input/helmet/xml_images/nohat_64.jpg
./input/helmet/xml_images/189.jpg 147,29,235,93,0 325,38,394,88,0 508,26,573,78,0 692,14,758,63,0 818,42,887,83,0
./input/helmet/xml_images/208.jpg 652,1271,807,1500,0 756,1166,866,1334,0 786,1082,875,1215,0 747,990,824,1107,0 742,903,816,1002,0 723,793,796,883,0 764,760,829,834,0 683,275,815,447,0
./input/helmet/xml_images/helmet1_46.jpg 70,100,101,125,0 163,95,187,114,0 245,21,271,41,0
./input/helmet/xml_images/520.jpg 89,105,172,161,0 419,120,472,158,0 529,109,581,145,0 640,138,684,174,0 765,81,882,156,0
./input/helmet/xml_images/68.jpg 172,87,237,127,0 339,69,392,104,0 438,81,483,118,0 515,80,557,112,0 544,101,587,130,0 606,96,643,128,0 643,87,673,112,0 860,88,958,150,0
./input/helmet/xml_images/306.jpg 657,187,780,278,0 500,244,569,290,0 359,231,447,285,0 203,229,311,296,0
./input/helmet/xml_images/145.jpg 706,759,875,942,0 734,548,797,628,0 704,443,793,568,0 644,149,784,353,0
./input/helmet/xml_images/90.jpg 5,24,112,95,0 377,50,412,74,0 418,65,455,92,0 491,48,532,76,0 566,47,614,79,0 662,46,714,84,0 783,57,840,102,0 900,43,976,94,0
./input/helmet/xml_images/469.jpg 129,122,223,258,0 92,451,179,560,0 84,807,161,914,0 57,987,131,1085,0 12,1126,152,1314,0
./input/helmet/xml_images/301.jpg 727,317,791,414,0 726,395,779,467,0 744,443,789,507,0 754,527,796,582,0 725,616,764,662,0 729,771,800,867,0 743,857,798,933,0
./input/helmet/xml_images/100.jpg 259,805,345,921,0 306,741,369,819,0 319,656,396,741,0 316,577,363,627,0 312,518,368,592,0 325,484,365,524,0 328,420,385,492,0 295,311,342,374,0 271,999,342,1105,0 271,80,370,199,0
./input/helmet/xml_images/149.jpg 777,899,887,1041,0 811,423,868,495,0 790,570,837,635,0 756,673,804,732,0
./input/helmet/xml_images/289.jpg 1,272,85,336,0 73,297,129,348,0 170,293,245,349,0 256,267,310,312,0 308,232,379,285,0 387,240,454,299,0 452,201,508,248,0 549,240,601,287,0 659,208,768,286,0
./input/helmet/xml_images/138.jpg 89,395,177,464,0 263,415,347,479,0 449,419,520,472,0 591,447,666,500,0 778,308,915,409,0
./input/helmet/xml_images/211.jpg 211,85,291,146,0 403,157,440,182,0 448,155,487,184,0 497,148,538,178,0 559,161,602,193,0 657,158,702,196,0 759,155,813,194,0
./input/helmet/xml_images/248.jpg 246,494,325,546,0 389,520,457,572,0 484,489,536,534,0 643,435,740,515,0
./input/helmet/xml_images/helmet1_71.jpg 483,33,548,78,0 410,70,433,86,0
./input/helmet/xml_images/nohat_29.jpg
./input/helmet/xml_images/nohat_68.jpg
./input/helmet/xml_images/548.jpg 66,345,158,407,0 191,316,272,374,0 331,335,395,384,0 576,312,699,397,0
./input/helmet/xml_images/125.jpg 46,169,181,265,0 430,225,539,314,0 721,211,813,275,0 942,218,1024,280,0
./input/helmet/xml_images/509.jpg 58,146,165,226,0 255,149,357,221,0 395,209,460,265,0 464,199,525,242,0 550,192,617,239,0 630,201,681,237,0 707,140,825,255,0
./input/helmet/xml_images/nohat_33.jpg
./input/helmet/xml_images/153.jpg 734,119,814,261,0 695,499,747,562,0 678,583,725,645,0 685,712,733,781,0 741,854,800,940,0 756,1052,816,1141,0
./input/helmet/xml_images/434.jpg 45,686,104,729,0 217,711,289,758,0 334,667,422,750,0 464,699,527,742,0 673,683,731,727,0 916,672,981,731,0
./input/helmet/xml_images/298.jpg 830,634,967,740,0 697,680,817,756,0 661,609,765,674,0 588,650,677,704,0 1,594,96,663,0
./input/helmet/xml_images/530.jpg 22,18,161,106,0 420,60,457,92,0 468,55,509,88,0 562,34,607,59,0 702,52,751,93,0 826,32,900,78,0
./input/helmet/xml_images/417.jpg 712,1,834,96,0 734,244,782,313,0 724,379,776,449,0 712,523,757,583,0 707,609,748,650,0 715,630,764,706,0 755,726,800,776,0 740,755,800,829,0
./input/helmet/xml_images/383.jpg 326,209,378,252,0 459,172,511,215,0 616,147,672,189,0 776,113,842,166,0 165,89,286,186,0
./input/helmet/xml_images/402.jpg 181,530,317,620,0 351,528,420,578,0 554,481,637,554,0 715,510,817,581,0
./input/helmet/xml_images/nohat_39.jpg
./input/helmet/xml_images/381.jpg 201,1,295,40,0 432,54,518,119,0 655,8,751,85,0
./input/helmet/xml_images/215.jpg 60,92,131,139,0 206,111,267,160,0 281,102,338,145,0 362,113,404,144,0 414,118,453,148,0 477,132,512,162,0 733,107,803,159,0
./input/helmet/xml_images/nohat_78.jpg
./input/helmet/xml_images/helmet1_90.jpg 315,1,446,141,0
./input/helmet/xml_images/430.jpg 733,828,791,912,0 718,944,780,1042,0 719,1115,792,1233,0 721,1317,795,1441,0 739,176,874,366,0
./input/helmet/xml_images/66.jpg 198,451,309,523,0 395,452,493,523,0 567,495,652,562,0 700,431,789,498,0 758,323,950,473,0
./input/helmet/xml_images/535.jpg 92,239,191,337,0 283,254,371,324,0 466,285,552,345,0 605,307,680,355,0 764,339,837,387,0 965,337,1024,442,0
./input/helmet/xml_images/nohat_65.jpg
./input/helmet/xml_images/304.jpg 721,491,809,556,0 526,539,572,573,0 441,523,489,557,0 345,511,401,545,0 252,499,312,539,0
./input/helmet/xml_images/348.jpg 18,668,142,756,0 289,714,408,793,0 421,745,516,814,0 586,745,676,806,0 857,711,997,824,0
./input/helmet/xml_images/helmet1_49.jpg 563,226,602,257,0 412,212,455,244,0 114,289,177,332,0
./input/helmet/xml_images/416.jpg 670,538,730,606,0 686,465,716,508,0 684,373,713,416,0 670,288,700,331,0 655,190,685,237,0
./input/helmet/xml_images/268.jpg 149,269,236,337,0 359,254,398,281,0 416,276,452,304,0 438,288,487,325,0 502,265,543,294,0 555,310,604,342,0 583,271,625,304,0 691,297,746,330,0 787,285,841,320,0 776,263,819,296,0 676,301,702,337,0
./input/helmet/xml_images/55.jpg 616,509,743,648,0 690,672,745,750,0 679,792,742,890,0 682,918,746,1022,0 673,1077,755,1205,0
./input/helmet/xml_images/129.jpg 130,748,317,912,0 261,719,332,824,0 175,572,311,711,0 137,303,268,487,0
./input/helmet/xml_images/264.jpg 642,134,701,232,0 648,335,711,419,0 641,478,689,555,0 668,609,718,679,0 631,679,669,733,0 620,788,656,839,0 621,1093,752,1256,0
./input/helmet/xml_images/nohat_12.jpg 386,281,399,290,0
./input/helmet/xml_images/235.jpg 106,145,254,243,0 387,190,455,236,0 506,155,585,214,0 625,185,723,247,0 889,164,1007,231,0
./input/helmet/xml_images/helmet1_77.jpg 250,70,293,106,0
./input/helmet/xml_images/62.jpg 145,82,191,113,0 209,75,243,106,0 254,85,296,114,0 310,81,342,107,0 373,56,425,91,0 414,79,444,108,0
./input/helmet/xml_images/134.jpg 161,249,212,282,0 511,259,535,278,0 545,263,574,284,0 605,273,639,300,0 648,263,686,298,0 725,263,768,302,0 774,237,823,267,0 850,243,905,278,0
./input/helmet/xml_images/nohat_88.jpg
./input/helmet/xml_images/537.jpg 74,840,149,885,0 209,798,275,852,0 354,820,409,866,0 503,805,562,855,0 651,765,715,823,0 885,797,991,863,0
./input/helmet/xml_images/136.jpg 197,227,162,200,0 440,216,379,172,0 578,241,505,183,0 624,243,706,182,0 885,252,792,171,0
./input/helmet/xml_images/440.jpg 663,1182,792,1396,0 623,1484,853,1725,0 654,821,800,962,0 720,555,818,696,0 706,1,943,363,0
./input/helmet/xml_images/529.jpg 292,58,349,95,0 432,52,478,84,0 517,86,556,116,0 661,86,698,115,0 851,73,925,118,0
./input/helmet/xml_images/317.jpg 42,486,199,630,0 404,417,595,546,0 619,533,733,638,0 866,454,1007,558,0
./input/helmet/xml_images/124.jpg 133,54,209,110,0 379,62,410,87,0 414,74,446,102,0 446,59,480,85,0 510,66,551,95,0 580,71,623,109,0 708,41,767,78,0 839,37,920,86,0 625,45,682,84,0
./input/helmet/xml_images/151.jpg 726,452,803,541,0 685,610,749,693,0 674,707,732,774,0 734,785,778,842,0 714,868,764,934,0 649,1075,724,1199,0 733,216,817,342,0
./input/helmet/xml_images/nohat_97.jpg
./input/helmet/xml_images/167.jpg 205,534,330,614,0 359,540,506,623,0 568,575,719,669,0 815,547,983,666,0
./input/helmet/xml_images/helmet1_69.jpg 296,132,316,154,0 184,171,207,193,0 195,59,219,85,0
./input/helmet/xml_images/165.jpg 0,476,90,560,0 289,585,394,664,0 524,536,635,626,0 808,485,932,567,0
./input/helmet/xml_images/460.jpg 614,533,658,589,0 589,646,636,720,0 594,765,649,850,0 563,951,639,1065,0 591,184,697,306,0
./input/helmet/xml_images/253.jpg 668,155,732,259,0 656,367,722,443,0 622,560,666,628,0 618,659,658,722,0 640,741,674,795,0 620,805,655,851,0 626,896,688,972,0
./input/helmet/xml_images/335.jpg 129,287,214,349,0 224,242,356,324,0 325,237,401,307,0 584,236,709,329,0 797,175,913,265,0
./input/helmet/xml_images/366.jpg 119,470,178,512,0 256,465,304,497,0 357,459,401,506,0 459,444,507,482,0 517,437,583,485,0 586,439,635,472,0 734,423,783,456,0
./input/helmet/xml_images/409.jpg 711,338,843,517,0 644,519,697,582,0 653,644,704,708,0 684,785,738,858,0 676,936,738,1011,0 656,1000,714,1087,0 672,1105,730,1187,0
./input/helmet/xml_images/helmet1_43.jpg 1,136,120,238,0 123,127,237,204,0 411,72,530,156,0
./input/helmet/xml_images/241.jpg 141,552,243,609,0 340,527,419,575,0 428,538,519,621,0 526,521,597,567,0 597,575,698,642,0 712,572,780,638,0 777,544,886,645,0
./input/helmet/xml_images/helmet1_18.jpg 1,37,84,133,0 229,78,334,157,0 409,78,456,129,0 449,27,578,104,0 563,68,623,115,0
./input/helmet/xml_images/helmet1_6.jpg 385,12,670,200,0
./input/helmet/xml_images/helmet1_25.jpg 411,26,462,64,0 615,24,667,61,0 853,7,907,42,0 821,513,873,549,0 586,505,638,546,0 110,516,164,555,0
./input/helmet/xml_images/120.jpg 138,316,211,379,0 399,292,439,326,0 537,268,587,305,0 647,230,712,270,0 737,213,812,260,0
./input/helmet/xml_images/496.jpg 708,627,777,674,0 653,616,713,673,0 234,601,315,649,0 350,626,402,663,0 404,622,445,659,0 303,621,329,657,0
./input/helmet/xml_images/112.jpg 219,492,336,575,0 457,497,527,545,0 596,499,671,551,0 315,533,369,576,0
./input/helmet/xml_images/533.jpg 50,60,149,123,0 255,113,295,139,0 333,92,381,120,0 452,70,504,109,0 560,88,613,125,0 853,35,944,90,0
./input/helmet/xml_images/helmet1_55.jpg 64,125,125,166,0 105,180,156,219,0 161,191,186,229,0 179,162,237,216,0 325,157,375,202,0
./input/helmet/xml_images/30.jpg 752,208,818,321,0 783,466,846,550,0 767,656,824,739,0 711,812,769,898,0 670,949,725,1030,0 725,1090,775,1165,0 678,1207,720,1269,0 684,1350,722,1406,0
./input/helmet/xml_images/nohat_92.jpg
./input/helmet/xml_images/139.jpg 571,111,642,172,0 507,130,541,158,0 443,165,479,191,0 355,123,433,181,0 255,153,291,179,0
./input/helmet/xml_images/376.jpg 1,349,43,416,0 201,360,285,425,0 378,405,454,459,0 527,420,597,470,0 594,380,746,491,0
./input/helmet/xml_images/526.jpg 30,38,110,96,0 216,85,259,115,0 301,64,348,102,0 391,62,444,108,0 463,48,525,95,0 603,65,675,117,0 787,68,878,124,0
./input/helmet/xml_images/485.jpg 132,562,276,671,0 353,550,445,604,0 541,548,644,614,0 666,599,779,673,0 749,553,903,640,0 843,599,845,602,0
./input/helmet/xml_images/246.jpg 177,291,273,348,0 236,272,278,304,0 321,267,363,299,0 361,318,411,353,0 427,295,466,326,0 518,281,557,310,0 511,316,562,358,0 616,297,658,331,0 705,298,753,334,0
./input/helmet/xml_images/358.jpg 179,493,270,544,0 293,495,367,541,0 463,529,522,570,0 579,509,635,551,0 676,496,775,570,0 767,474,860,534,0
./input/helmet/xml_images/532.jpg 222,15,307,96,0 514,65,554,94,0 551,68,593,103,0 593,40,639,77,0 652,64,716,102,0 764,30,846,90,0
./input/helmet/xml_images/415.jpg 183,452,263,522,0 277,498,342,540,0 358,507,424,549,0 464,497,531,544,0 570,487,643,533,0 796,450,868,505,0
